226 148 30 2448 281 4
1231 160
48 171 23 21 7 17 396 190 1316
67 5789 17
230 6 230 89 84 137
105 263 23 18 8 59 18 48 33 4
525 32 19
130 276 444 1408 2181
33 11 5 98 720 294
6449 50 26
7 366 166
4096 414 55
1121 89 84 13 19
277 614 4
7 122 17
361 1913 3522
2616 15 177 12 1055 6
187 10 25 1213 7420 609
7 273 221 18 8 7 456 83 15407 4
942 164 9 24 7 17 18 52 7 268 108 37 655
706 19
131 169 100
353 2956
34 204 1003 12 39 736 1334 55 35
48 19
2127 22
45 32 205 4
7 169 2214 52 111 442
679 834 450 3818
45 884
18 15 11937
2225 683 336 228 11 5 587 4
2802 164 19
34 32 2274 145 266 19 35
404 2162 221
468 2016 285 24 1056 30 149 17 14 121 60 10
97 39 5 1746 6 598 5238 1397 116 393 53 29 128 29 235
10 2369 158 4
63 118 6 21 89 84 126
1440 8 394 19
13 17 156 13 83 6 5 5230 1586 59 8 24 4
628 209 6 19025 10 8 4318 19
244 5159 7203
296 296 296
40 5587 221
274 5 10343 17 124 4
90 422 41 2641 22
8624 564 4
34 96 29 739 7 455 325 12 5 34 4 35
1631 9 49 105 4
144 10 15 230 19
40 21925 1315 55
38 5 3718 6904 2654
10 20 7 122 621 4
7 284 164 457 11 5 169 1 4
4944 3822 862 2188
112 940
131 81 515 9 7 23
5 1343 193
2508 9 899
7 48 232 155 16094 1253 16 13 17 165 14 53 457 438 11 7 1
5 1 1327
44 330 10 20 4284 15 67 55
3967 11 5839
7 1 6 1 823 5156 55 4
14 1480 372 417
2764 21 5650 5 525 89 84 14 137
7 72 9 1087 6 49 293 6 21 1390 23 8 26 59 18 6221 55
34 9169 35
7 394 23 19
89 84 5 1881 22
34 842 135 1812 19
14 246 6 47 26 235 12 120 125 63
867 190 769 19
5 67 23 11 2554 247 7 640 6 640 8 7 367 22
24 93
263 13610
47 26 1447 10
104 2408 2298
7 3457 11 74 3457
745 1150
5 1119 11 5 1991
1906 6 6218 2123 55 4
2286 3282 145
32 17 30 635 123
24 27 32 27 2465
271 5709
3706 5305 13644 5 419 1667 19
2333 7073 55
14 121 13 239 12 1089 5 181 438 19
7 160 17 18 8 103 25 5 266 6 21 108 694 266 12 114 4
112 940 21 32
46 84 40 3702 195 1152 72
51 132 1165 55
16 5 5774 11 83 38 94 4
46 84 7 14158 55
90 71 41 2770 10 22
768 15 67 23 375 6827 8992 7307 4
89 84 5 95 6 21 108 7 49 192 17
24 616 205 12 2429
14 20 1047
758 78 51 301 4
3967 11 5839
9617 1613 2188 18 15 1 102
114 5 1394 11 11261 16928
40 341 6098 285 1903 3978 8 207 187 343
36 157 44 103
24 12 39 909 19
7 48 5463 6
653 1526 9 7 5229 139 55
3360 15 2056 1727 9 5 946 313
5 1947 9 837 55 162 2429 6 49 953
88 14 68 26 127 10 12 101 64 11 3865 35 4
398 9 5474
2820 5 21886
241 4
10 20 367 11229
10 15 7 1707 19
5089 5 852 424 11 1775 1198
34 44 8651 55 342 11 35 55
653 1456 6 9 7 2449 1 443
341 21 164
2311 283
49 680 21 341 1337 55
175 19
5 6548 18 8 5 712 7777 6386 23
24 806 6
5 98 940 23 16 465
122 6 3377 424 6
7 7404 9 383
361 1913 3522
24 93
238 9 119 66
32 17
888 1457 113 76 888 49 1457
7 775 15 825 11 11904
7417 6 2024 22
150 14197 326
6887 4239 38 567 5 126 34
34 100 15 427 54 29 6 643 35
614 19
5 3320 11 14118
13151 12314
49 1748 813 17
7 865
7 14740 19
7 19017 11 122 9 5301
34 403 6 18 15 7 1 102 179 19 35
749 3904 1088 37 67 139 19
24 91 3761 164 4
3180 9 184 6 105
7 6917 193
48 221
5 480 189 60 154 8 13 36 5 154 25 7 1308 3698 4 102 289
4951 940 23
5 358 3065 38 1
177 12 7065 70 1623
122 6 263 405
34 10 259 3997 66 34
360 24 48 19
942 164 1146 17
59 50 26 162 989 65
1904 3232 11201 398 145
79 39 55 45 146 6 108 49 32 4
302 58 19
13 20 5 1133
1 55
5 1343 193
67 701 23 57 5 23878 587
4854 9 4203 425 5 95 1310 65
11917 3954
701 779 565 4
1 7788 247 5 1 78 5 21924
5 2214 52 111 3902
3721 332 4
995 6 194 54 76 4
1 6132
34 2242 10 8 19
594 9 10601 61 1 56
284 8329 19
10109 22
7 2871 6 164 565 4
40 3195 9 1091 221 6 119 34 21922 35 8 372 59
24 93 6 21 24 48
24 27 241 16 188 112 4
14 79 24 344 7 160 23
226 367 70 186 517
3808 11 419 38 5 2778 11 23819 6 6562 5785
5 11246 4
7 271 387
302 554 55 4
5 754 11 1 19
85 89 84 5 181 55
1 19
40 417
49 32
69 828 19
525 1736 9 122 19
226 6 1622 322 6 908 9 1307 3495 22
7 2687 1577 57 3290 1546 70 279 77 79 24 7905 5662 19
1 55
7 1307 1503 22
34 96 29 739 7 455 325 12 5 201 309 4
10 15 164 4
5 7081 11 7 1
5 1 232 55
3662 4
274 5 67 23 64 43 6 21 40 164 1529 565
89 84 137
7 4869 441 193
224 6 21 187 220
3006 11 5 98 1548 1042 17
1693 21 24 379 694
66 82 604 39 3617 64 34 386 19 35
169 5039
42 7 778
7 294 4
34 29 55 5 510 5031 35 150 7 243 289 6 10 8 19 19
463 16 48 209 6 21 108 6901
49 717 6 49 3382 11 42 358 1545
20229 40 168 102 933 12 4733
108 403 95
24 48 21 32
2397 1847 4
3443 94 221
18998 19
112 783
48 266 19
590 4856 2826 1
10 45 59 32
5 2874 419 11 125
171 54 69 917 19
24 48
1 6 7170 273 11 7 1707 1771 4
47 24 1811 12 5 12353 90 210 26 506 13 23 19
2378 23
1327 503 57 1249 4260
1 16 13182
48 6280 23
7 1 12 1722 7 825 38 5 72
1008 2057 765 1499 4
33 11 5 415 99 14 41 124 161
7 1432 171 193
411 9 3180
702 10 5002 95 1303 266
6030 524 641
48 21 164 4
5 17 14746 5 823 2250 60 10
7 262 294 4
1975 15 426
7 884 23
93 1958 6 884 157
1303 266
295 19
614 6 569 976
164 27 7 48 17 4
245 10 7 167 46 84 29 8985 19
204 10 15 24 7 747 417 150 882 30 10 15 4475
10 15 168 12 699 8 45 5 197 441 17 14 41 59 897 13 4
81 3377 6 18 14146 156 10 77 32
45 452 220 4
40 443 559 11 435
42 7 252 238 11 7 143 49 261 12 7 443 59 30 105 21 8
797 15 5974 6 1204 2826 526 72 2160 443 1984 4
7 49 30 66 1 171 17 4
940 4
21 649 5 386 33
1428 19 19
5 2590 202 1080 102 8 564
680 6 21 63 62 1804 2765
11917 3954
176 8 13 257 57 22
45 3935
47 26 1417 13
89 84 5 95 33 55
16 922 19
156 5 278 6 214 56
8794 8795 6 42 8 13
16 5 7772
1006 32 3455 57 5 229 7071 8463
612 6 10 15 164 4
10 52 2955 4
105 117 8 59 105 78 209 223 34 894 154
104 5 11909 8 122 4
2794 9 5094 6 1168 706 6
8171 256 664 4
171 6 5 23 450 1235
147 1748 441 3340 4564 23
976 9 5 11582
1322 21 32
1 1
54 287 27 2637 8 5 316
380 10 136 6 847
147 1303 266
10 15 1 19
48 25 164 6127 4
40 181 2884 11 5 2145 4138 5 3870 4
39 2686 12 80 5 1038
1693 6 658 6 9 564 4
14 245 10 19
45 25 5 419 11 5 389 6 21 108 40 175
1952 9 1112 15 455 21916
5 1363 11 199
7 49 1102 1119
8 68 26 127 81 22
5 655 11 3165 14713 29 55 16 13 33 18 118 6 10 15 262 19
143 93
3677 6 275 9 658
10 8 7 105 17 47 26 101 76
821 69 45 5 215 4
77 31 3057
983 9 382 6 27 18 6 21 14 108 47 26 101 5 327 9 119
24 93
1 103 150 8032 586
12295 2040 36 190 136 4
108 52 76 23931
8039 6122 27 2741 1731 6 552 1818 8817
5904 11 5 5857 4
7512 4
24 27 439 27 5 95 21 108 32 4
67 23 176 20 993 6 21 24 49 32 12 39
33 11 5 242 67
456 6 23811 21830 778
3376 129 526 435
261 11 658 6 191
942 164 1146 17
1952 8 24 7 294 6 10 15 25 62 378 4
1821 9 355 6 1 30 66 48 1176 4
34 13 8 372 4
516 9 2802 10634
4533 117 11585 16 5 1804 675 4
225 2708 6914 6 21 5 367 741
5 325 52 3145 9 58 2903 23 79 647 18 855 1176 64
117 31 733 5927 4
13180 11 202 578 208 260
147 1303 457
40 2703 16 16021 21 58 201 495 209 25 58 33 308 8 1594 12 5
8317 849 1678 238 224 12313 25 66 321 607 6 9 1126 61 2085 56 3445
5 894 1945
1794 273 6 21 24 353 3271
40 192 3065 38 5 3718 6904 2654
34 5991 35 5096 34 3967 11 5 5839 35
7 1020 326 70 1923
3049 164 1891
7 12706 16 169 1181
3231 19
33 11 5 98 2739 6 12337 115 16 5 1405 25 594 17
1576 1
147 836 17
106 24 22
467 800 8 7 1793 16 11905 15 1716 358 4
11926 38 5 1332 11 154
7 48 17 57 5 269 4
7 3068 6 13124 9 975 182 11 3680 9 24 4861
10 250 53 10
3949 9 3176 10619
13646 5144 18 52 69 300 4
518 9 440 11 405 21 8 469
7 1736 523
1532 70 813 11 5 2721
16918 6 7 652 4092 1655
48 3092 221
427 11 5 399 31 4
171 30 1076 19
363 271 4
293 1086 93 1575
13 8 24 103 25 5 1157 457 19
7 654 9581 294 4
147 1303 266
12 640 8 411
21811 19
147 6906 239
7 321 6 21 8478 17
1346 451 9 40 179 55
7189 11 5 4393
50 26 162 989 65
293 145 55
277 7 122 17 6 45 116 59 484 335 4
7 193 1106 11 42 88 25 362 22
7 1020 326 70 5851
401 19007
321 94 23 174 24 187 10
50 26 162 989 65
5 1 1327
973 683 2693
40 4208 7391 3086 25 42 20 7 1 102 4
5 94 8 332 6 21 5 367 22
93 55 93 1958 6 14 172 791 14 265 29 183 161
459 188 33
5639 15 223 38 34 3404 35
5 1030
2821 31 177
234 93 476 4
34 4283 35 25 472 268 6 21 10 15 924 9141
4951 940 23
824 9 6746 680
103 5138
6125 8303
246 14 818 158 22
81 15380 6 81 3306
7 490 338 17
10 15 1 4
867 190 769 19
7168 2961 1 441 1 1672 21911 11 1 16 5 202 11 5 95 388 1
1637 781 335 551 19
488 164 19
636 64 11 340
204 10 25 4
17886 694
193 852 1292
13 17 8 7 48 83 6 156 13 33 5 17 8 45 147 338 25
5 264 13579
518 87 631 221 55
2046 23926 2482 1315 55 1339
77 1661 13 33 38 310 283
49 1356 9 606
10 15 55 45 41 7 167 46
58 201 1078
158 3341 2555 74 1319 71 41 217 9 5 57 125 4
5 197 1791 19
177 12 7065 70 1623
2283 793 16 7 243 825 11 11904
5 2821 31 332 6 5 1275 31 2350
412 342 455 325 17 124
7 160 294
1355 26 51 93 19
3460 171
7 49 884 597 23
175 19
29 258 470 26 842 5 2050 11 83 4
48 23 4
614 226 840 4
10 15 1328 55
616 6 606 6 9 122 19
11937 12336 4
120 5 1 102 4
7 1053 193
2719 4
7 93 23
45 2213
34 14 127 42 29 1021 25 76 18 318 4
10858 19
7 23774 9810 6
175 19
1231 160
147 1303 457
17933 70 712 6 712 70 5 264 1042
40 164 9 515 221
164 6 24 81 615
7 32 17
31 29 6395 22
14 235 29 4
13 5605 5 1762 115
81 224
1405 559 9 2403
27 7 32 221
24 27 32 27 1879 72 4
937 866
62 69 283 261
27 32 27 5 4724 33
14 172 195 4
49 680 21 341 1337 55 29 251 41 7 167 12 17856
23934 667 1313 6 279 2188
421 1591 52 495 10
6393 14174
8005 4086 2135
7 1020 326 70 9 177 12 1348 10 63
202 89 84 5 404 55
14 41 7 16044 25
24 93
14 773 42 20 211 12 522 386
40 400 976 11 7 17
774 15 713
7899 238
1 55
4396 8 177
1891 385 993
1411 11 557 9 826 145
332 94 17
7 16903 685 150 7 358 1282 11 12320
32 6 21 1693 6 5300 12 1106 15 2268 171
5 95 426 20 26 18 32
49 261 11 7 296 72
7 538 15 7499 10339 23838 4
7189 11 5 4393 8 7 224 83 25 171
144 6 554 10 15 38 10 15 67 19
1779 13104 5840
604 22
3820 285 33 11 5 98 617 115 55 88 29 41 26 161
131 169
45 3259 4
14750 11 5 4910
7 406 9 784 326
143 32 19
656 1 1 36 81 1653 1226
741 19
602 76 4597 6 2820 5 55
177 12 7065 70 1623
813 11 5 2721 55
73 25 7 880 18 23 44 39 701 48
74 283 2184 4882
1412 1246 79 575 55 55
14750 11 5 4910
10309 19
469 25 672 912
403 6 18 20 544
293 571 21 733 212
24 1112 15 67 21 32
1018 10119 263 375 5 1
443 976 8 16 33
34 77 41 161 13 33 633
5 67 823 417 11 5 269 19
257 38 5 1218 7305 6 9 9621
10 329 38 1153 5 830 579 9 5 531 51 181 78 177
204 8 332
12327 74 853 448 6 119 6 24 18 40 615 120
7422 311 271
46 84 137
1952 9 46 192 84 5 95 27 14 422 2972
42 7 778
5 67 2482 1315 124
24 1 21 164
271 19
34 279 2188 35 8 33 1736 19
122 17
727 11 711 21 68 24 81 26 78 93
7 251 80
14 298 10
5653 70 17853 9600
194 2391 55
45 24 105 16 188 112
884 54 67
164 7168 17 30 777
3543 11 7 640 22
105 205 4
7 243 169 219
1 55
3583 803 6 13 282 5 313 288 444 6 5 56 27 5 1675 756
421 6 286 4
3630 7 1697
469 9 560 4
12 41 1 12 39 160 4
10 15 7 1
599 1381 1086 54 1280
2578 23
8808 19
79 203 16 10
1 55
5 788 8 177 19
4298 25 1019
7 1020 326 70 5991 11 5 5839
5 23 8 674 25 203 16952 62 711
1155 9 383
27 1030 9 296 27 5 95 34 3662 4
7 1 6 30 1056 1824
348 143 341 641 30 7 241 110 1366 285 24 7 665 778
1122 822 543
2116 6564
10 15 45 321
2428 58 4
29 206 220 7 952 54 37 67 4
716 32 568 5 219 8 769 3025 19
16057 93
14 479 10 165 14 393 18 55 43 20 108 49 261 12 7 67 4
17886 694
237 10 15 499 17
307 295 19
108 48 636 242 453 4
4920 11252 38 5 2543 35
7 193 10937 17
7 193 94 346 12 7 295 441 682 221 4
89 84 5 95 6 21 108 483 4
5 963 11 377 1112
128 267 12 1425 5 1 1531 43 15 722 11 2808 4
277 226 88 24 32 21 108 6901
394 405 19
5 19026 11 377 1112
13 17 74 1765
443 976
498 177 12 1073 6 5 1 692
277 4364
7 293 571 21 733 212
18998 19
1 19
34 2245 5 1338 35
7 1793 1 23905 4
122 9 394 221
1 21 8 911 24 1102 205 4
2017 3326
14 172 24 7 13589 6 21 14 172 36 18 8 4
11925 5 4437
24 27 122 27 5 140 376
7 679 273 18 14157 69 780 762 4
48 122
33 11 5 67
5 1761
5 67 17 11 682 2530 51 230
147 940 1048 23 4
2046 23926 2482 1315 4
132 1658 6 5 530 58 33 48 87
14 172 535 930 19
3608 755
4359 326
5 5532 31 10 20 26 65 12 1 21 81 570 1939 16 8803
10 20 187 5 513
164 9 49 1005 94 17
331 13 9833 140 457 709 987
7 394 2839 232 12 7 538
14 20 38 147 1218 4
7 2563 3241 914 1174
7 4144 8 108 818 158 22
146 6 1952 19
257 38 37 49 489 55
1122 822 543
192 55
314 4287
564 232 12 7 3278 32 23
171 30 1076 19
158 321 22
108 211 32 55
7 1017 12 1 25 7 49 4335 263
233 115 31 53 13 17 55 18 10 8 108 865
10 45 20 26 93
34 1152 35 12704
235 66 2140 22
7 1 11924
13 2748 273 8 7 1532 17 22
7 1432 712 379 883 3889
7 49 884 23
1168 12 5 4219 536
34 32 783 641 19 35
525 32
1205 21 10312
5 1669 10 36
13174 1 8 74 356 16 4573 6 223 4
12351 298 23 104 94 9 226 27 5 643 4
7 2766 1121 6 29 79 80 106 13 140 47 8 46 77 206 650 34
421 6 40 6739 30 98 680 269
48 3936 701 23 57 670
96 10 20 118 22
5 367 6 5 1098 6 5 1468
4560 6 3506 208 7422 128 29 31 150 45 976
46 5707 19
7 14710 326
330 5 1
342 17 124 118 6 274 4
32 256 4024 6 1328 11570 221
49 32 568 1607 81 2024
48 17 55
49 518
31 29 1764 76 22
24 18 93 19
147 49 63 195 797 23 30 7 4285 23862 55
34 4283 35 25 472 1487 219 16 13 619 6196 1 19
5 67 1532 239 375 5 181
258 40 2240 193
5 1152 30 5 98 1 229 5 794
2974 8306 21 341
1 7788 247 5 1 78 5 21924
45 2213 186 48
1239 1199 9 1969 2637 41 64 195 786 4
294 11 12352 171
33 11 5 67 455 740
321 21 8957
114 203 90 13
3269 23820 16 14716 19
48 455 122 19 55
34 29 31 398 15349
14131 16031 2581 247 791 7 634
1995 1733
2651 6 1356 4
9175 55
9140 54 36 1395
7 251 80 17
10873 17
2700 6 267 6 8 26 47 72
14125 15 9608 294 55
404 4039 61 410 56
14 20 1047
46 1622 383 84 69 1 1 4
34 51 224 35
2328 3776 18 5237 12 131 85
412 342 455 325 17 124
7 193 19
336 228 11 1754
1345 22 22
24 93
34 50 13 3517 1376 105 12 29 22 35
1719 40 3118
8155 427 24 1 34
46 711 84 72
42 7 776
3006 5 4337 401
7276 11208 275 788
114 6 2737 9 3777
351 3496 7 93 1 93
7 3106 1426
32 446 346
20239 424 11 5 793 4
48 23 19
5767 341
63 118 1345 273
87 4830 19
274 5 67 23 14 183 161 16 242 6 7 322 11 13175
50 234 7 8447 4682 2039 22
7 2583 15 1759 4
24 93
1693 11911
298 10 19
7 284 2871 23 19
4254 443
13635 15 1730 16 529 15 1597
2638 2154 15 1915
7 49 901 9 564 4
7 32 682 17
7 606 690 15 392 17
1095 1612
14 20 211 12 452 74 1410 1683 21 582 19
3140 9380 4365 208 16070 19 19
6055 10350 5969
8606 9 10 50 253 10 15 67
5601 15 1 16063
29 240 41 954 247 5 4540 22
665 122
32 6 21 7 5453 2091 16 7 248 159 11 110
488 940 4
1521 586 9398 12343 4
241 19 19
307 1630 4
608 72
5 318 9 754 11 947 9836 4
5 1332 52 429 101 389 203 23849
176 15 5 157 22
7 1146 17 60 1307 4326
5 5156 1380 7308
7 2508 23 19
2863 54 5 168 4
7 6394 829
1 6 7170 273 11 7 1707 1771 4
616 6 93 145 60 23
8453 10311 285 103 11569 10906 4
4560 6 3506 208 7422 128 29 1
1 4320
984 21 2900
175 17 4
7 1624 4813
1306 50 10 136
3949 171
7 1011 930 1959 77 36 328
12736 1165
105 9 2353 2920 4811 62 40 8154 9 40 11216 16 7 230 1218 4
32 256 4024 6 1328 11570 221
945 21 164
93 9196
32 87 210 26 11233 3819 990 559
169 5039
2385 282 12 21854
1826 72
122 17
3378 20270 25 1250
1 27 1287 958 6535 78 54
7 122 17
3818 122
141 6649 31 118 25 1 102
192 834 6 341 54 5 263
7 9355 11 1981 641
155 36 313 23
18 15 11937
1121 61 12725 56
1 8650 6 74 10933 9 2794
8618 12 332 6 5 67 171 23 11 5 952 72
18 15 405
7 294 19
688 5 813
114 5 1394 11 11261 16928
103 8472
582 55 45 582
1328 12 3281 69 6303
32 6 21 818 7 964 158
2909 1855 190 5 95
46 4562 9 4858
937 76 16 135 1945 1587 57 5 2388 19
34 14 757 19 35
34 55 411 154 8 1125 4 35
3942 6 23 7196 6462
29 79 649 5 1048 6 18 15 24 7 538 1214 1 22
33 355 17 4
5 95 11 5 587 228
525 105
158 1430
1534 9 720
88 29 101 129 10
61 410 56
1 1285
1060 9 560
24 81 93 6 21 24 81 3185 4
34 1153 5 4647 6 9 459 62 5 1
414 399 202 7176
2363 4363
727 11 396 6 134 1316
11215 271 6 404 72
71 13 169 3434
1011 1940
3403 6 787 9 105

2974 93 286 4
954 828
616 6 10869 6 9 4897 19
16 5 7772
7 569 3000 6 21 59 48
14 20 38 147 1218 4
5 67 934 11 36 336
235 66 2140 22
5 3945 11 199 12 257 4
606 834 495 16 4460 4
27 66 122 441 25 5 286 19
74 1 326 70 14 279 5 23
4481 65 6 21 108 332
10 8 403 6 21 10 15 164 4
5 1699 9 565 1910 19
67 145 11 10 15 67
105 9 48 23 30 34 1983 35
68 24 18 32 55
30 7 526 793 232
122 6 7 48 4639 182 18 79 24 7905 5662 19
783 3893
2028 296
9 51 10 8 55 1339
149 171 402 138 223 4
33 11 5 342
13 17 143 85 2103
14771 6 1077 20360 6 1 877 4
194 2391
10600 5652 6638 114 72
14172 623 5 383
7 1624 4813
33 11 5 67 115 11 3664 4
293 72 19
9619 19
16 1995 405 1391 19
5 67 171 17 16 242 4
131 236 55 514 5 834
614 226 840 4
24 118 76 1313 6 4201
404 1287 221 4
24 1047 4
223 5 974 30 1 34
638 46 1749
383 5603 418 29 16 7 1590 11 1572 4240
131 181
42 29 422 133
342 1554 45 147 4384 4477 17
13 12301 1051 72 70 262 8 1140 19 19
179 1739 4
24 162 4
204 1489 439 335 19
164 7168 17 30 777
399 828 4
188 357 17 124 118 19
7 820 952 140 72 4
584 405
496 398 8 7 8177 2163 14 422 53 12 41 1 1852 19
441 193
40 443 559 11 435
7 193
14 763 4
9388 169 1971 8
2575 10857 10313 61 1374 56 150 442 7 3160 19
7 2555 536 17 30 1304 859 4
68 24 53 10
88 29 79 223 5 711 6 9 591 6 9 1846 304 57 5 168 296
587 14762
332 6 887 294
104 696 9 785 257 335 4
24 93 875 9 1534 55
5 1 1
13 8 96 29 128 125 55 1339
47 26 2886 38
2613 11 5 1674 718 99
34 16010 35 1288 9 2213
416 11 5 826
48 23 4
7 1269 23
40 2939 281 576 1301
51 132 1165 55
24 1047 4
933 37 67 17 55 55
14 279 7 93 17
5 32 17 108 5286 21 49 267
89 84 5 95 21 108 32
147 313 740 4
5 67 23 124
98 341 641 30 7 355 157
7 3535 81 230 8 81 85
295 19
377 2179 54 37 67 4
412 5 67 23 11 5 1819 4
5 602 22
7 6445 11 1363
6887 4239 38 567 12 5 10624 3614 19
32 6 21 818 7 964 158
14 246 1047
10 15 1953
614 6 569 976
47 26
13 33 12 120
34 257 38 30 254 7 754 6 201 976
5 8990 483 55 4
191 7 615 33
3049 341 88 29 71 29 235 12 1549 55 23800 15 1549 83 4
263 5531
1095 655 12278 307
14 210 26 994 5 14181 5788 13 767 12 128 19
154 2103 1977 55
12339 102 396
2516 76 62 5 98 1487 692 2021
4359 38 2277
321 457 19
40 164 793 38 5 2809 652 23 4
97 41 111 7 167 520
1 55
241 12 309 55
769 1379 310 264 505 448
302 2381
5233 10 20299
97 41 111 89 875
1079 939 15 67 375 5 171
241 312 46
7 48 10361 23
948 76 3214 12 5 309
5 6297 886
398 365 222 471 30 1258 4
7 887 2290 417
482 480
5 313 7195
88 29 245 186 1457 6 63 13 8 26 7 93 2235 9 40 67
1306 15 23900 579
45 1675 6
7 49 1102 1119 12 5 1991
89 84 5 864 2690
525 32
998 4321 1742 37 1142
67 12 472
13 8 105 22 19
6120 7 1593 18 48 979
34 169 1971 35
5 1877 11 7 1682
5 4879
32 753 6 93 533 61 264 11 56 199
85 89 84 1466 11549 121
614 19 55
1619 19
7 5147 4854 441 145
10 259 7 1550 242 1124
813 11 5 2721 4
24 1186 4
40 783 294 4
2638 2154 15 1915
341 21 164
82 101 129 10
7 263 11572
10 15 32 4
192 88 25 4918 103
16918 6 7 652 4092 1655
5 1628 11 7 4914 2366
277 3024 2497 25 11553 22
1293 5 5779
33 11 5 242 67
1693 72 6 21 7 314 1 19
1693 21 105
164 21 54 228
1 6132
894 1139
252 15 4340 297 77 206 1389 6 2416 77 53 13 17 55 22
235 66 2140 22
7 6394 829
883 15 264 262 72
3890 12758
842 62 444
16 3629 11 66 1382 338 965 524 291
808 4
21904 5 7902 11 83 4
1794 30 2026 6 2779 9 6653
783 4
21930 31 3355 226
363 449
24 48 6 21 49 32 3731 54 10
32 16029
5 1133 8 5400
1736 17 4
32 357 17
12327 74 853 448 6 119 6 24 18 40 417
74 283 2184 4882
8 10 8 7 32 966 5 446
1038 6 341 883 958 546
8816 1 70 14 422 53 417 35
158 8 276 55
74 356 934 11 117
13633 48 122 22
49 9594 4
11917 3954
68 24 53 5 72 60 1149 55 4
1403 540 10 7 32 17
241 546
14 436 2470 11 114 10
594 273
9 5 1270 20 60 60 22
42 519 386 22
24 5 415 18 97 41 111 89 875
10 20 615 74 2381 4
33 11 5 67 3067 2021
48 682 17
852 4
514 1813 3022 6 10 15 1747 1
49 658
1 13 1832
783 559 11 473
52 2861 5 2050 11 83
2088 377 55 1241 4
940 1612 1 4
14 47 26 1089 10
45 3935
467 5722
434 11 419 1445
82 11532 956
1 8 5 1766 11 5968 19
1502 19
58 1316 6 21 162 1736
2715 15 4533 1315 108 8455 37 67
403 6 21 8 26 28 22
4575 2769 10 136
353 2956
34 18932 36 8785 217 7 276 30 310 356 1 1717
1 19
82 5 2466 124 10594 22
2976 21 1321 1276
295 19
5 399 31 29 82 19
24 93 4
34 1576 5206 35
286 709 1 19
5 358 3065
14 172 24 7 13589 6 21 14 172 40 1855 10 136 19
5 400 825
401 6051 19
49 63 407
7 5304 6651 12 7 1571 72
11919 164 6 21 498 7 134 256
741 19
29 127 81 18 55 55 4
5 6297 886
67 5789 17
326 169 5004
652 193 19
5 530 8 7 820 17 60 5 4140 11 263 4
3502 4246 30 134 1316
3202 125 88 29 47 26 235 12 2559 64
143 32 27 5 95 21 69 89
3073 374 19
5 6297 886
3231 19
32 17 4
241 19 19
363 449
923 5 355 6 9 5 229 27 161 5 239 4
78 398 828 22
10 15 1019 4
4904 181
6624 7882
192 653 3239 446 15 7531 1322 1085
14 825 157 657 89 84 13
48 23
5 67 1306 17 22
1284 72 6 1844 1042 17
41 781 7 8028 134 1019
179 1739 4
241 4
175 23 1201 19
33 11 5 1045 10612
7 49 296 72 514 5 1556 2518
34 418 260 177 12 1232 610 129 5 682
7 49 355 1315 4
5 919 8 712 27 7785 19
784 17 60 784 5 899 55 55 16 1328 55
7 93 145 6 171 1575
628 19
331 498 5453 21 108 341 9 1534 6
81 852 4
2392 4
10309 19
32 17 6 21 116 222
1 54 5 1 55
546 2888
293 3217 14167 16 13 33 19
88 29 235 81 221 6 265 25 76 6 21 11535 5581 4
24 93 6 21 348 119 136 7 160 55 108 5 1320 11 7 611 22
5 98 5987 94 145 11 5 36
1365 10 1004 1727 7 48 289
32 6 164 221
1510 9 9847 1307 1347
5 2841 17906 19
3231 19
1010 1612
14 328 12 142 94 9 5 289 4
16075 8 7 820 23 18 191 301 55
9 10 36 291 238 12 13 17
7 2362 2162 221 30 1297 25 5 446
1143 7 21903
5 67 1306 17 22
366 457
2991 772
1 1525
5 13170 3506 239 4
256 4024 1964
7 160 778
808 6 63 118 30 66 614 840 4
496 398 8 7 8177 2163 14 422 151 18 55
10 20 984 6 21 353 1303 4
202 130 6631
3820 79 207 571 205 72 62 181 78
937 4
491 1558 1227 186 1939
24 143 3367 32 4
20233 8008
582 4
7 48 2084 17
42 15 276 30 13 1251 22
342 17 124 118 19
213 296
6126 6 7509 6 711 6 9 46 19
5091 579
5147 824
210 26 1 1272 1705
7 3585 25 5 219 11 1073
40 716 122 30 499 17
10 15 7 32 17 60 5 13136 11 154
5 34 5728 4615 35 25 5 4244
44 15 58 610 96 85 23882 14 101 25 10 81 85 4
16 5 7772
147 1998 25 908 55
1287 15 1894 94 1 923 1098 6 9628 9 396
24 1047 4
24 511 34 2274 35 1800 21 55
13 17 8 7 294 55
11223 23824 11 411 11903
103 1884 25 13 2580 4
32 1147 139
284 93
51 940
1005 6 21 24 18 93 10 4
16 5 7772
1975 15 426
42 14 137
7 249 16 5 698 536 150 24 5 215 44 151
192 2035 10929
2323 7407
5 5152 510 8 7 1959 16 1 6646
1 17 19
7 1547 11 419
1205 21 10312
380 10 136 6 847
338 17 285 15377 465
563 7 340
841 11 5930
164 2914 2486 828 2140
32 4
185 153
1018 17 11 6626 19
10 138 41 111 648 34 5 1192 35 55
44 235 399 8497 4
48 3092 221
348 3579
14 183 161 89 362 89 84 5 95 6 21 108 7 49 192 94 346
29 41 111 195 62 751 1471
367 3687
7 1842 198 25 347 2257
1576 1 72
1838 4
143 3367 32
17933 70 712 6 712 70 5 264 1042
1762 64 11 555
44 206 616 55 9 44 235 229 4
5 508 15355 140
7 5517 11892 294
241 397
5 9188
295 1 21 81 570 1939 16 8803
599 7394 21 49 518
9 5 1270
5921 21 164 4
24 76
68 24 53 10
313 70 65 605 9 851 4
2149 463 11 273
5 98 2209 17 124
1382 15 1889 23 22
6055 10350 5969
7 72 9 1087 6 21 126 1347 4
302 1623 6 12267 532 8 15323 55
338 94 346
379 694 139
16 5 7772
5 830 23 8 177 19
131 48 21 10 15 108 32
5585 79 399 67 4
227 15 748 326
49 4029 3056 273
599 940 21 205 607 117
2381 1466 11577
403 95 23
7 94 23 18 97 24 41 111
8787 241 4
2617 5005 2642 1145
1848 70 23909 449
893 118 74 401 14102
518 171 17
74 98 1206 289
147 502 11 2708 6914
13 83 8 191 143 32 354
1 17
61 9 56 400 58
38 5245 6 21 103 25 441 17
1510 16 210 26 115 12 147 682 193 4
1 19
851 88 18 20 544 9 398 171 171 23 8 7 1188 323 164
21861 1 6385
10 15 1 102 120 13 17 4
48 95 426
5 1303 34 811 35
34 8 419 5 350 9 24 5 4651 22 35
138 24 41 667 407 1
13 156 76 1313 55
58 6 7 98 1155 221 18 118 16 34 482 35
14 97 47 13 101 4
48 193
7 34 3676 17 35 18 5281 69 1514
42 68 29 133 22
2415 6 187 5 2151
383 17
5 8990 483 55 4
45 5 1087 6 21 5 168 20 1613
49 658
122 17
49 32
181 1508
34 32 524 273 19 35
147 502 11 2708 6914
1 7529 2796 19
49 515 9 7 564 202
34 299 35 1414 25 1649 30 203 90 68 29 4
5 6297 886
628 209 6 19025 9 1331 1817 4
4284 15 67 55
499 990 273
5 866 684
358 270 421 506 66 11 94 9 94
394 34 4170 35 17 285 951 504 7 4535 1129 5155
1 3070 129 956 4
8607 62 2698 150 147 17802 718 11196 600 70 3456 3517 1332
3677 256 221 18 128 13 2954 4
1745 11940 1508 1 7 820 1232 6 473
49 181 441 23
5 67 114 72 11 36 83
7 820 55
42 519 386 22
3096 11 163
5537 12 200 6057 9 7205 64 13 346
728 27 673 25 2434
116 688
416 599 544 21 2362
421 13 296 199
5 2602 33 20 112 89 84 14 137
18926 25 36 388 1
884 6 9 3481 12 5 95 11 5 1 4
5 67 17 14 183 161 13 269 4
1 55
7 5589 10596 4
295 405 19
202 89 84 5 404
7 197 524 145
614 226 55
21863 1753 19
1258 6 136
58 285 81 615
1972 3517 55
193 502 11 7 909 1921 19
7 23 187 220
4254 443
89 84 98 6 1 1380 23 1876 140
296 1152 72
40 950 25 76
2534 17 11 2193
377 2179 54 37 67 4
5 1308 9 653 424 11 399 14156 1422
42 386 22
656 6 6397 9 11264 78 49 357 6 10 8 108 295 38 4176 1126 289
2141 4
7 1 11 21927
47 26 344 5 1270
3073 9587 19
1630 4
24 25 244
768 15 1 38 5 1192 35
14 279 6479 81
1263 667 8010
1 1
817 560 6 21 204 308 547 7408 4
32 446 346
192 834 6 341 19
584 1975 807 15 23 375 399
326 11 467 800 2632 4
7 694 1791 12 5 16103 794 55
5 2214 52 111 3902
10 15 1953
904 136 8 46 53 7 1360 221 6 821 30 5 289 4
14 20 211 12 452 74 1410 1683 21 603 21881
42 8 276 30 13 1251 22
5 1263 650 3469 6 4389 5 673 3311
68 26 101 76
1303 266
10104 4608 15 3921
2295 9 11538
1290 66 32 607 9 5 5204 4
1294 2653 701 1800
337 19
16 5 486 6 21 24 353 4
2900 13184 4
145 30 5 289 9 317 13 23
256 1 72 9 396
1039 8 2014 19
81 3051 6 1 30 36 178
7 63 1 23 4
147 48 4988 23
7 2828 6 21 3018 6 266 56
5 98 1487 17 124 118 4
7 17 18 630 4123
1186 9 608 12 317 6 21 24 7 294 6 1
7 49 164 417
7 348 564 829 19
260 4
7 14740 19
81 85 122 6 21 10 15 225 32
39 2014 12 39 699 1283 15 1682 19
2112 164 1281 1304
32 2492
45 7777 9147 6 24 712 4
1952 285 1112 15 169
564 6 554
81 23770 9 4942 12 39 12347
7 1177 23 108 23854 64
49 296 23 6 363 6040 6 30 66 2081 2395 16
5 67 1532 239 375 5 181
10 1355 26 34
942 164 1146 17
4259 21808
20274 9 890
47 26 1378 13 17 78 1389 19
312 19
1062 13165 52 4
5 224 93 1907
5 1791
1809 52 163
7 284 93 17
414 399 202 7176
3307 1080 70 7 1382 1188
3091 19 19
24 5 67 19
2385 282 12 21854
653 1526 9 7 5229 139
33 11 5 98 1102 9174 3345 16 242 4
82 5 2466 124 10594 22
419 118 30 40 1 6734 1142
14160 671
34 2204 877 35
7 221 9 82 24 101 10 12 41 5 231 4
403 221
817 295 21 564 72
1284 72 6 1844 1042 17 4
3677 4639 1201
16 11276 318 6 16 16016 432 6 58 414 2416 1110 158 12 80 5 309
3804 17
7 942 164 1146 23
48 17
2389 737
5724 55 5601 15 1 16063
1 93
5 145 663 5 123 16 13 17 55 55
887 143 46
5 15341 5197
48 212 6 30 66 11 83 4
197 19
7 1750 193
91 203 90 329 190 4
5724 55 93 24 18 61 2085 56 642
61 6822 19 56
14 172 5582 55
42 5 1633
24 59 4
7 1455 6 1020 661 11 34 5 632 35
10 138 41 111 89
3829 105
5 3075 2524
241 19
5 12274 13615 7001
1473 6 680 7624 1197
24 260 85
7 2025 1092 25 368 90 1325 60 8331
2127 22
366 221
719 4009
5 67 145 11 5 269
16947 238
33 11 5 327 555 2508 1152 746
7 5528 15 154
7 7181 16 652 171
16868 7279
33 1761 1179 12 2943 10
10 15 53 5 947 20 526 4
7067 1360 221 30 7 733 114
24 45 147 4219 17 22
8047 936 4
40 679 273 18 14157 69 780 762 4
24 85 89 84 5142
40 164 23 417 25 7 1177 23
7 251 80 55 1
295 740 11 7 48 193 148 19
10 259 18 22
299 3366 3179 3204 19
5 572 11 530 19
32 94 17 4
1729 9 4282 530
7 2609 2239 4460 18 2213 5 34 5 264 1 18926
40 783 1674 718 565
357 1 536 594 17
33 11 5 67 93 99 124
147 49 63 195 797 23 18 138 39 55 1 22
889 29 23868
191 7 89 23 84 5 864 1634 151 4
1129 2042 11 5 269 61 9 5 117
48 239
164 57 345 12 1150
2175 6 983 9 382
175 6 217 2593 17
16 5 7772
5781 55 783 19
10 15 164 4
1224 6 3937 23
7 1 710 17 247 7 213 56
5 23867 17
42 36 99 138 14754 12 39 909 19
797 15 446 23 19
7 2687 1577 57 3290 1546 70 279 2188 61 2193 56
1874 3090
9 5 171
14 172 195 178
81 4718 12 39 731 489 6 81 296
5 12749 294 12 7 338 9 295 27 443 150 29 41 1683 4
88 29 47 26 80 5 232
7 1 710 193 18 8 7 665 14735 2083 55 4
5 197 1283 23
14 422 290 220 5 3976 457 1 34
7 5981 692 25 5 1 10066 11 5 2228
295 1 9 49 901 2084 17
89 84 137
14 825 157 657 89 84 13
1294 679 273
89 84 14 137
5 602 22
4696 136 4
282 112 179 5 3685 155 5 95 750
1055 68 7 93 1188
5772 778
7 48 666 11 40 15318 325
7 32 1964 17
5 715 136 1767 2365 4
59 22
205 209 8 5 154 6 103 960 293 641 23 19
45 7 2511 850 346
14 246 1030
147 7186 23 57 1254 796
5 3037 13152 11 12727
332 19
268 81
74 1 326 70 4880 55
5 1513 886
7751 4123 367
8449 29 63
1 55
1168 177 6 1249
1231 241 409 16 61 594 56 5 23 56
931 1173 15 67 269
5 67 1532 239 375 5 9854
3494 4
1 1475 123
2874 4323 741
1308 818
48 122
75 1227 29 4
34 165 13 8 40 226 10855 1830 4 1396 40 49 518 23
5 67 375 5 95
5 169 1876 22
1082 5 505 25 4396 19
7 239 30 69 611 4
1 55
130 632 70 307 499
32 4768 6 4177 9 747
383 17
5 21857 4095 3770 23 124 118
7 1020 326 70 5282
341 6 2041 9 808 4
70 56 5 1133 8 5400
7 366 266
7 15311 11197 288 257 31 10918 21 108 7 48 83
16 5 532 11 5 10633
12716 788
2902 21 366 171 23 30 48 2926 12 362
483 5 2718
34 102 29 121 55 35 8 584 2352 2808 4
564 1119 12 5 794
14160 671
7 122 94 6907 565 221
1 21 32
34 116 10902 7 386 19
32 255 6 526 315 16 770 6 21 47 26 235 12 120 125 3324
499 7753 11 515 199 12 257 4
3471 70 5 197 1 221 55 5 1320 82 80 5 1051
277 226
459 58 33 9 94 23
24 93
7 974 11 6387 683 5 3088
14 80 29
7 1346 9 808 70 579 9 581
403 221
67 16 5 112 11 5 510 108
11543 15 5 201 882 22
24 1112 15 67 21 32
130 632 70 307 499
13 8 108 5 532 11 2602
10624 212 57 10624 3614 19
759 46 696 1987
48 17
518 9 2372 358 2235
46 12305 84 7292
5 508 15355 140
7 197 875 21 1885
5 154 15 32
78 50 10 32
341 4
1340 171 221 30 40 1684 273 16 5 17
7 248 1508
1306 50 10 136
366 2091
7 841 189 18 14 1222 14 393 51 55
564 55
2900 13184 4
14 20 105 6 821 13 7 1 1 4
68 14 1530 22
326 55 29 240 304 6 46 94 6 46 94 1 9 641 1
1950 7300
93 4
13 17 8 3084 372
1354 523
1000 1514 4735 62 5 201
1 13 1832
7 9872 2703 16 1429 171
13 272 8 11562
64 11 3901
399 828 4
8039 6122 27 2741 1731 6 552 1818 8817
7 5297 23 6 30 989
62 5 1960 221
5 193 309 740 11 10113 8991 15 653
5 1 11 1 4
466 1 19 35
5 67 199 257 16 682 55 124 161 19 19 19 19 19
24 37 67
3890 12758
164 6 9 49 192
321 205 1 23
32 17
2357 3005 30 14734 448 6
1579 7 3495 16 37 3480
91 2973 84 5 1025 19 35
694 266
4865 34 478 35
45 344
14 172 24 7 13589 6 21 14 172 36 18 97 41 111 51 85 89
797 55 819 30 7 2331 19
5 1 1635
7 16912 17885 55
33 11 5 342
28 1227 29 4
49 518
1231 160
5 67 11 5 905
808 4
34 77 206 29 79 35 4
7 6377 776 18 34 1901 176 1876 19
14 59 245 10 46 119 5 14 20 46 181 4
7 201 778
150 106 24 22
66 257 179 16 7 49 1584 17
10624 212 57 10624 3614 19
404 9 516 4
5 572 11 530 19
51 940
989 66 273 19
945 1188
535 10 25 5 408 110
327 1553 23
5 1 1327
46 2167 84 83 1846
7 2937 410 424
29 251 436 13
581 6 581 6 581 6 581 6 581 19
147 17 60 13 17 55 22
29 470 26 127 42 579 29 19
91 62 455 2548 6 21 5 197 286 923 5 388 1
923 69 283 11 5 572
1306 15 23900 579
2558 1211 9 5 963 11 56
89 84 5 181
67 795 346 375 1511
1594 6 1955 6 1752 134 1
940 4
357 24 51 85
372 1042 114 72
1 102 32 24
326 70 1952
7 23 176 29 1480 956 25 5 123
945 21 164
1285 4
67 17 124 118 21 13 20 26 32 25 7 20282 6 164 9 5 243
1 6 12354 6 10369
364 82 128 29 235 81 268 2140
1146 12 3352
24 93
1 273
49 820 17
4574 1544
23805 7 399 2264
1 1
1 150 4830 166 8 679 16 12743 15 1750 193
9 51 5 4363 11592
989 66 273 19 19 19
2127 22
7 658 9 275 1780 503 11 3399 18 1643 16 69 3160
1 54 5 1852
582 19
81 85 2365
53 7 4061 11 7 1188 4
1373 34 154 55 35 8 7 21910 78 713 3541 150 948 76 16 34 5
302 74 55 35
1 25 76 6 81 561 55 55 55 1339
68 501 151 158 22
130 11537 11 48 209 6 91 84 7 741 19 19 19 19
1 2469
1771 19
3969 9 1182
78 177 12 39 7871 12 317 13
989 66 273 19
1233 856 27 1709 9 499 286
7 2348 11 316 896 9 5 2451
1 9401 11271
720 21 30 7 322 11 6797
706 9 548 1986
4433 157 21 8649 9 164
9 2115 19
10318 9 9358 655
25 5 1 446 30 7 6463 2793 6 13 8 24 7 332 6 21 5
29 251 436 13
3778 134 221
5 213 2532 128 5 34
1030 54 37 67 4
10858 19
92 5 178 189
392 49 392 19
29 127 81 18 4
1510 21 2090
1093 57 325 6 21 323 24 93 19
1232 610 259 81 1038
7 3861 23 18 384 7 262 631 221 30 13 128 9 268 58 33 157
46 122
321 205 1 23
412 5 342 23 14 41 161 13 33
514 1289 10 136 55 8 5 13624 72 4
5 67 93 17 12 688 60
7 193 600 17
382 157 4
40 341 266
10 15 7 2025 19
1995 1733
1874 3090
1054 6 1787 31 29 111 1
14777 11601 55
5 98 271 72 124 678
42 31 29 1215 25 22
4694 23
638 33 48 209 21 55 97 41 111 89 55
7 4085 11 4820
7 614 2348 11 2148 9 790
284 8329 19
47 26 39 12750 55
5 219 11 1073
935 7 1808 72 19
7 1
329 74 356 221 124 118 55
4509 171
1 102
193 6373 145
13 8 76 54 36
7299 42 29 422 133
922 3636 424 150 226 55
34 803 25 310 5301 6 5 9391 11 2021
7 1020 326 70 1122 6567
828 11 5 1
2778 11 3438
7 17842 839 5645
7 820 23 1331
192 2035 10929
33 745 2443 155 5 126
2556 11 658 16 5 758 150 5 242 67
14 121 10 8 150
45 374
7 49 1354 523
36 1578 9 134 1316 78 1076
64 11 3901
582 6 14 20 743 55
42 386 22
694 266 4
14 20 1047 19
5 67 1532 239 375 5 181
5 284 95 18950 171 17 4
13601 93
113 32 1115 173 1703 406 26 1011 3196
302 6 31 29 41 116 161 5 239 19
1131 6 5046 21905
52 2861 5 2050 11 83
40 11921 756 6 40 953 705
2903 21 416 1278 19
241 157 4
47 26 120 13 17 55
1002 6 887 6 271 4
7 748 726
499 9 228 12 6060 1482 114 4
164 4
5 920 33 36 83 2274 236
5153 3466
29 127 16 5 682 424 11 682
116 162 1450
2236 57 5 9824 11 5 1926
59 22
45 332 19
331 13 9833 140 457 709 987
7 7644 105 94 779 565
1952 8 24 27 48 27 63 118
251 80 19
1745 1685
5 919 8 712 27 7785 19
1952 9 1112
14111 2274 1891
981 22
1180 9 7 614 23
14 41 161 520 4
7 1020 326 70 13645 10924
10 36 684 100
421 11 919 1330 4
7 1 102 4246 22 55
4284 15 67 182
68 26 101 76
42 7 1354 523 19
906 53 5 7171 6 5 9391 11 2021
1428 19 19
223 5 974 30 7 2403 19
36 135 3146 1478 7881 335 4
16075 326
987 6 671 6 1779 4
7 18972 579 6 256 4691
7 569 2684 6 34 204 18 52 69 300 4
1784 3512 25 2043 2138
32 568 5 386 83
34 482 35
284 839 9 4509 171
7 49 884 23
29 251 436 13
1952 285 1112 15 169 770 1 292
106 20 100 55 13 97 41 111 18 20 175 409 60 178
1674 718 15 415 565 19
7 49 192 262 72 21 24 18 93 55
1745 1685
53 10 15 169
21863 1753 19
13 17 8 480 4
1848 190 5 1947 11 3165
49 32 6 21 5 314 873 626 30 7 95 1310 4
92 681 12 39 5 23 182 43
1231 241 409 6 49 293 641 23 6 4036 405 25 1043
1095 1612
1 55
204 8 332 4
338 94 346
166 6 10 79 39 12347
295 122 6 21 7 213 81 6199 6915 12 39 197
383 17 150 131 21 2337
24 7 93 17 4
386 117
358 1 147 193
5 67 23 11 3415
241 19 19
719 140 441
7 1020 326 70 6475
88 412 6 4
2072 2616 15 55
63 6 29 79 207 80 69 3052 254 69 126 150 34 1952 35 8 1389
652 193 19
24 34 658 35 8 76 30 7 1550 2796
74 356 1515 17
252 15 101 1
2617 169 9171
176 15 5 1012 199 31
40 21925 1315 55
2428 58 4
3159 6 21 911 241 4
584 405
421 6 501 1170 1111 55
294 55
32 510
3677 256 221 18 8 20320
134 5198 6 134 122 6 21 20 26 93
7 160 1188 16 5 5721
33 11 5 2534 99 14 183 161 36 269
34 16 5 219 11 1073
2311 748 326
467 800 1587
122 22
17886 694
112 726 1317 397
3084 404
4076 9 5 919 16 682 122 17
44 41 136 19
311 293 21 18 15 10 4
252 15 40 1413 17 30 40 175 1 16 7 233 724 45 321
7 8303 19
665 778
13 8 76 19
5 415 569 417 124 19
34 275 592 6 1813 3722 35
31 29 1764 76 22
518 9 440 13183
2064 8 883
7 5515 11 1456 4
32 377 306 17 4
5 193 11 36 2333 70 14192 62 16098 1 4960 1171 55
336 394 212 21 50 26
40 5789 4
33 11 5 67 171 99 12 120
5 5835
14 114 13 510 19
2691 2199 15 67 17
951 796 15 342 17
1373 9 5 67 23 124
235 11 23816 4327
3110 5 4037 70 467 800 2632 4
169 538
122 6 21 3460 55
7 337 2241 12 6060 1482 11532 1721 25 104 23 22
45 216 33 11 5 269
204 1289 57 100
49 181
7 1359 1791 12 40 226 289
307 1359 9 40 226 523 323
14 172 24 7 402 11 530 99
3312 1954 802 70 5 752 11 5 572
34 32 455 325 7505 19 35
34 5991 35 5096 34 3967 11 5 5839 35
5198 434 6 81 4
40 175 441
444 16 18966
14 339 128 69 168
1964 1250 11200 221 30 6719 11 2886 208 5399
24 93
1380 17 58 4
100 77 146 136 55
143 32 27 10 222
1952 8 24 27 48 27 77 121 19
4001 15 1 1889
7 251 80 19
295 19
45 32 205 4
2350 205 4
2152 579 444 54 109 67
57 9833 12 1406 7 134 81
7 1 6 30 1056 1824
57 9833 140
1 404
14 280 130 199 276 30 69 594
14 298 10 19
9 5 1270 9 1
77 206 16 32 1312 4
1972 8812
10 15 7 14740 19
7 2309 17
49 181 6 21 108 58 822 4
5530 179 12 1758 711
1 61 594 56
3231 19
98 341 641 30 7 355 157
175 6 217 2593 17
2651 6 1473 221
187 10 25 1213 7420 609
14 114 29 4
29 97 47 520
58 4
14 172 5582 55
14 757 14 68 26 837 25 10 4
1308 818
48 922
241 9 327 1553
17886 694
147 48 23 57 1254 796 9 491 1558 4
1060 9 241
887 122 55 7406 58 160 1855 10 136
40 620 25 42 10 8 4
15326 2464 13 239
1706 9 46 2507 84 5 181
103 5 87 8 32 150 21 32 21 8957
34 270 39 141 2844 22
447 641
181 1508
817 614 6 443 823 417
51 940
511 42 15 617 19
24 25 244
7 360 9 515 1261 23
58 7423 19
59 5 266
42 15 160 60 10 22
12 3486 347 55 35 18 8 106 29 1381 4 35
131 161 10
5 510 20 4
471 484 7 3142 16 74 661 8 404 448
7 569 5914
5 197 6912
143 293 21 108 59 47 26 127 77 76 4
34 252 37 2789 918 186 6 10 15 35 108 483
67 387 4
7076 3581 8 3795 6 679 4
36 60 19
253 32 3893 8 32 4
7 48 17 30 635 123
23855 122 19
1289 65 5 221 446 346
34 4539 35 1201 55
241 17 19
75 527 107 4
382 157 4
34 5 486 11 4
48 19
225 197
5 139 8 40 332 273
1929 877
49 63 407
720 273
1 2247 8 332 19
14 79 280 130 199 276 6 2642 55 18 8 132 60 10 4
77 31 3057
7 564 266
164 21 2024
34 513 7 1123 19 35
524 6 515 6 15402 6 2716 1 30 488 680 1 5447
1011 1940
10 15 1019 4
7 665 778
12330 2910 15 296
32 6 21 818 7 964 158
13131 1940
12339 329 38 5 11915 19
7 32 17
24 93 6 21 45 24 27 105 9 843 4
1454 19
192 55
67 387 4
13 8 24 7 17
1487 219 55
89 84 404 6131
48 110 255 869 926 1 6299 110 969 6
1 8 24 74 356 409
7189 11 5 4393
7 665 778 19 19
42 15 276 30 10 22 22 22 22
7 49 2133 6 3589 221
489 4
45 53 579 9 581
48 166 6 24 49 469
7 4361 3733 11 641 18 860 12 4437 6 565 6 9 236 19
5 974 12 5 181 1451
461 6 43 82 39 55 1339
403 221
7 355 9 652 788
5 197 1283 23
1 4
9193 83 138 39 118
960 1224 6 21 7 295 23 19 19
226 6 1554 6 9 197
32 2371 6 341 208 164
7 1490 541 273 231 28 20 836 6 21 7 167 1510
12755 1240 14 773 10 71 80 13
42 8 5 22
780 1450 6 51 106 2525 22
7 169 447 974 4
1521 586 9398 12343 4
34 10 259 3997 52 731 7 785 4 35
6104 3731 9 122
9597 19
48 236 209 2597 7 338 17 30 7 1572 12 5 72 4
10118 9 64 55 22
7 93 318 12 39 7 1725
8490 1040 12 154
1328 6 3002 6 1 1380 23
1010 7530 288 281
7 2481 1791 12 5 16103 794
147 6823 795 933 12 2227 4
443 30 7000 148
122 19
5 98 1929 221 14 41 161
338 24 6 21 7 293 621 4
1180 9 1258 16 55
47 26 640 5 3052 6 119 41 12 120 5 457 11 5 5345 11 171
1010 7530 288 281 9 23 6 9 616 81
808 9 644 87
24 79 10 39 1311 1037 262 263
6449 50 26
81 6543 12 2429 1034 871 11 69 261
89 84 5 2602 4332
10 15 1019
5708 662 19
210 26 39 372 9 1346 6 3086 62 17870
587 14762
21897 6631
403 221
27 93 27 11556 101
1 8 7 3707 118 482
244 5159 7203
24 93 11 5 415 17 6 21 108 694 266 12 128
29 183 161 10 50 26 280
337 524 145 57 5 1716 754 11 5 457
33 11 5 67 4
42 79 14 151 22
12 640 8 411
49 341 6 230 21876 12 1
34 29 251 436 13 55 35
38 313 23
138 24 118 135 5 286 29 41 55
169 5039
3818 19
87 4830 19
140 1330 140 4
443 976
271 55 1359 55 4 7 17 4
2780 650 1655 4
6465 1928 9 109 1
47 77 127 56
7 2748 23 19
1112 15 715 1
1838 4
53 7 17 30 13 83 16 5 1394
51 85 163 9141 55
48 698 9859 55 4
147 908 294 4
923 5 7410 9 4261
29 41 111 7 770 6 46 94 9 641 72
32 6 21 1693 776
616 6 81
656 1 1 13 279 433 55 55 55
930 710 1 829
40 175 4281 11 7 1306 2000 4
48 1554 1 122 11 1916 897 8308
5 625 11236
901 5 1098 11 3120
40 404 9 940 8 7 93 17 4
119 43 31 66 16 22
7 1458 294
10 156 424 11 66 357 4
883 1
24 93
5 67 279 14 20 118 55
45 20 26 48
7 193 61 58 23 56
31 29 1764 76 22
1750 294
908 10075
32 6 21 58 1981 710
2974 93 286
3719 569 209 6 258 24 6 21 5 168 20 1613
210 26 120 13 17
14 298 13 23 4
14 948 1215 25 158 12 522
10 15 24 7 251 80 6 21 108 164 4
7 901 7913 12 20366
1205 21 10312
295 19
42 8 276 30 13 1251 22
43 15 58 640 55 4
514 1813 3022 6 10 15 1747 439 4
34 252 238 736 40 226 1125
53 1 17902 12 146 61 56 150 5989 370 11 3234 19
5 1122 9145
795 2160 1 61 410 56
42 5 1633
249 3028 8 7 189 11 310 396 15 154 4
2315 9 2254 535 394 182
63 6 30 58 126 4
1231 516 1339
1308 818
34 312 1009 7 83 35 150 128 5 526 4056 256 4024 1964
13 8 191 143 32 4
924 4729 9 5 67 427 25 2446 1228 12 47
21 108 483 5 2718
32 880 24
507 78 54 1504
230 5 1699 9 565 1910 19
7 1 16 653 803
34 47 6 114 29 459 29 22 35
13 8 372 4
5 9861 7532
366 597
615 12 3281 69 6303
93 1086 62 7 6715
7 182 19
34 1293 2863 6 5 9188 35
33 11 5 67 11 69 261
7 945 2025 4
50 26 162 989 65
421 6 40 6739 641 23 18 8 26 2126 150 9611 586
7 271 9 4096 2329 11 7 962 1232 6 9 341 19
7 1 6 1 823 5156 55 4
14 41 161 3125 99 6
114 53 58 126 4
2378 6 23921 16 5 482
1088 5 2050 11 83 4
625 83 12 5 160 34 1902 11 596 35
7 23 187 220
6030 1555 641
10308 4
89 84 5 95 17
32 880
33 11 5 98 164 115 124 118
3073 569
7 23 1389 11 10 15 83
18 15 51 2194 12297
7 3701 2329 11 992 3546
47 26 146 3658 1 4
96 10 8 1 19 35
13 394 17 92 26 49 635 78 843 21 55
12339 329 38 1 30 3607 396 21 1 154 4 35
16915 208 5 2766 756 8 5 4986 1 19
222 143 32 1526 4
16920 5 1730 15 10356
7 193 139
47 26 1417 13
5 5445 8 24 63 118 1803 273 22
560 9 2609 499
1530 388 2464 5 499 740
459 34 400 976 35
10366 4
1796 2250 6 21 24 745
27 137 25 5 95 1819
1018 10119 263 375 5 1
138 39 23932 34 316 896 35
175 2906 12 5 14697 1306 10621
576 38 262 988
4904 293 647 6 4389 5 1675 756
4533 9 1300 65 8186 63
51 1031 10 3273 5 264 186 48
5 67 279 19
887 1 9 1
295 6 49 3382 11 358 1545
6542 102 177
14 328 12 1484 10 55
59 3067 221
1041 5 4610
160 2817 4042
1095 2126 221 55 1339
40 2240 193
91 51 6 108 21920 10 4
3398 9 61 2306 56 55
1746 11 5 3165
7529 3675 1055
7 32 256 193 17 4
762 195
34 95 467 55 20337 114 19 35
11223 23824 11 411 11903
1012 621 19
10 3441 55
7 143 2578 23
3046 8 26 10 3467 18 7 463 16 5 3920 11 36 83
29 251 436 13
578 9 260
7417 6 2024 6 21 7 143 192
2683 2550 150 13605 586
7 271 72
258 187 343
5302 6 3676 17 13 23 55 19
42 68 29 133 22
2892 15 779 7764
32 256 4024 171 3996
14 114 29 4
808 221
39 2686 12 80 40 5533 17887 22
7 295 6 214 1091 17
7 560 417 1225 149 126
5 16028 11 5 1152
59 122 6 990 19
143 32 4
16908 14733 4
7 1376 30 5 797 2380
10 15 1953
358 18960 21900 15313 3828
9169 19
1308 818
32 24 48
55 587 14762
6473 3927
17817 5 8297 18 5718
7 1 477
1 1048 193 57 5 2488 19
305 27 40 473 803 4
1 1475 123
1 6 12354 6 10369
47 26 506
29 111 1
7 616 9 105 166
63 407 6 49 241
48 396 23857 30 123 2063 8806 316 896
824 9 6746 680
97 41 111 51 85 89
5198 134
47 26 513 7 1123
403 221
34 28 35 8 2286 9 1224
32 6 21 58 1981 710
1157 6104 13150 171
10 16091 5 7200 9 91 5 4543 16 7 197 810
5299 16909 370 11 74 154
122 11 7 457 11 7 358 9 108 1 17 12 5 655 11 5 181
341 1345 273 19
1 8 7 3707 118 482
49 884 94
98 677
7 243 169 219
51 85 163 4
24 93 3520 2032 17
7 169 1952 16 922 23 428 4
2391 12 982 7 10911 4
468 5 572
8005 34 1055 35 514 5 929 5038 78 158 12 151 5 287 22
5 67 1532 239 375 5 7 321 17 16 5 705 51 230
40 1060 9 295 221 19 19
114 9 126 1096 20332 55
10877 3291
53 95 11596
711 2230 7 5291 1852
63 118 4
34 2937 411 10615 19 19 35
3169 11 1 67 429 12 11265 364
169 5039
131 296 27 10 138 183 111 648 7 2980
81 404 448 6 21 24 908 15 67 4
24 7 197 455 122 189 60 5 168 6 741 5588
2946 10917
13 8 7 92 4203 22
10876 93 19
34 97 29 22 35
7 486 30 5855 6826 79 24 1940
33 11 5 67
1 55
341 6720 7502 62 4129
1088 5 2050 11 83 4
89 84 5 95 21 108 32
14 137 46 94 9 46
16 5 219 11 1073
24 961 6 24 4942 4
1231 160
7 887 2290 417
1 6 7170 273 11 7 1707 1771 4
459 188 33
122 6 21 5 197 1941 19
29 79 24 1113 20 56 55
43 15 58 640 55 4
48 6 6467 720 387
953 680 221
27 3087 27 40 23831 3631 231 28 38 10
7529 3675 1055
5 1030
5 24 51 8028 444
24 27 32 27 5 95 21 143 1006 32
464 15 3089 16 34 1952 35
554 55 1339
1612 4
42 15 386 22
252 15 1599 13
587 14762
16 5 7772
33 1310 304 57 186 7 1 102
951 5 327 11 5 219 11 2810 6 593 19
1955 9 1364 21 24 247 4957
4029 6 8800 6 7515 55
908 10075
981 6 131 36 81 93 4
89 84 14 137
247 2024 7 930 710 270 24 80 10 1032 85 89 725 2334
32 13591 9 7 958 446
354 266 18 4390 38 2919 465
813 346 903 12 1223 64
5 232 68 24 2797 5 23 25 76 4
7 560 417 1225 149 126
7 122 17 18 10 15 187 5 1852
164 27 5 95 33 48 443
40 443 559 11 435
3873 11 1233
158 308 2810 326
48 652 318 788
336 382 1609 155
41 2026 4
48 263 17
122 4
16883 784
5 224 93 1907
2283 793 16 7 243 169 112
709 406
942 32 95 12315 6 21 24 18 93 4
976 9 5 11582
812 2306 130
561 6 1125 6 2152 221 285 327 1553 682 122
7 193 19
3658 5 1530 55
8050 650 631 221 30 13
14 246 1047
7 49 884 653 23
59 6 14 320 55 4
32 263 17
295 524 145 6 34 882 22
21816 8 970 6 157 4058 1
3583 1733
5 840 9 7 167 11 358 4
421 6 501 1170 1111 55
733 2205 2524
176 15 5 9877 22
5 67 23 124
10 15 24 615 186 1122
14 80 29
400 271
24 59 4
1 6 7170 273 11 7 1707 1771 4
7 9166 221 4
3231 19
271 6 787 6 21 716 1986
64 11 3901
2705 406 11 186 48 285 5 788
40 175 9 783 193 4
1030 6 2764 9 110
147 1 23
34 7 1877 45 2890 190 43 35
2236 57 5 9824 11 5 1926
7 2362 2162 221 30 1297 25 5 446
768 15 67 23 375 6827 8992 7307 4
7 1354 523
105 9 49 392
1306 15 23900 579
305 27 4236
4696 136 4
2873 6 2873
5 3584 1 5307
3319 260 52 26 195 12 10 16 7 606 112
1712 38 5724
528 23 11 358
1637 781 335 4
68 14 477 158 22
3572 16 5 432
2937 4
32 212 6 671 72
5 1655 55
32 682 17 19
29 127 6 1 6 13 8 45 5 215 52 5 154 6 29 127 107
10 259 53 225 5 1051 14 217 10 71 182 5 95 7 3642 1207 621
7 134 1505 5651
5 67 1532 239 375 5 181
10 15 24 615 186 1122
40 1902 8 4318 623 1853 6478
1842 115 483 5 2718
106 24 22
421 7 32 17 4
7 1012 621 19 19 19
241 4
53 154 4
98 239 11 5 99 30 13 289
226 23
945 193
36 5 9875 11 7 439 17
48 139 62 3872 1358
1100 9 7095 273
83 12 1619 5 4219 536
1 55
24 105 205
1317 4320 78 7192 145 22
548 6 357 6 10 8 90 52 7 456 1071 9 329 304 57 5 72
7 1020 326 70 13645 10924
241 9 327 1553
10 15 4911 55 21 69 16 66 63 607
5 67 17 57 2072 2616 51 230
131 79 39 46 60 413 40 115 1763 225 103 1114 11 200 313 55 55
7 6445 11 1363
1773 9 1258 16 2142
60 27 635 27 5 1010 3127 457 55
332 19
1625 201 2602 1097
2041 6 21 411 9 360 9 10 744 9840 55
48 171 23 21 7 145 663 69 460
21816 8 970 6 157 4058 1
42 15 5 5920 6 511 22
271 9 662 23
13 17 8 45 976
39 4381 30 1068 72 30 66 11 5 83
32 122
7 1020 326 70 6475
743 6477 4182 1952 19
1 6 7170 273 11 7 1707 1771 4
33 508 94 7508 19 19
1672 260 9 108 7008
77 31 16 396
307 4
24 5 197 441 17 14 41 161 16 7 297 4
7 3521 464
456 4
293 19 55
582 19
7 83 30 7 167 11 122 6 10 15 7 1998
14177 135 1945 16085 6 244 19
5 1391 11 1115
7 14710 326
7 160 294
7 4901 11 5606
7 160 8973 3184 15 12763 150 1449 586
16 396 19
116 7 386 83
29 101 129 10
2171 76 6 745 9 560
10 15 7 32 17 18 5281 69 6201 13642 38 1526 609 4
93 9196
7 1100 3050 11 7 6129
914 1781 8 177
706 5289
702 10 5002 54 95 21 554
1 19
4902 887 4902
300 11 2374 976 55 9 6565 27 37 98 10921
703 135 83 4
5 1877 11 7 1682
150 191 164
401 15 16 5 178 390 21 81 7188
24 93
3662 4
176 15 5 866 22
4854 9 329 177 5 1655 4
587 14762
1712 38 5724
7 5650 221 4
24 48 21 32
498 89
15386 70 5 326
9 10 15 283
563 5 342 4161 740 12 5 2080 611 125
7752 4
39 43 12 5 4161
68 26 101 76
1672 260 9 108 7008
100 55 55 1339
883 55
238 9 119 66 11 5 95 388
10 15 3341 6 10 15 1012 199 6 106 22
377 1112 8 5 541
383 633 11 754 23 19
459 188 33 12 5 1 99
7 193 171 145 4
45 403 4
614 6 443 823 417
11945 208 16097 369
5 505 8 16 5 17 378 4
45 332 19
104 31 29 206 24 267 19 35
241 17 4
48 17
1155 9 383
342 17 124 118 19
7 122 6 94 6 3443 145 25 5 4332 4
29 47 26 344 18
5 345 11 5 652 171 23
7 1100 3050 11 5 3218 11 40 15393
7 694 23 18 1289 435 22
32 21 564
40 323 1030 17
1 6 7170 273 11 7 1707 1771 4
728 27 673 25 2434
16018 6 1 6 2054 8036 9 1231 1616
8808 19
3547 21 563 1
248 21 1694 1610 11 5 181 11214 23 4
3073 9587 19
237 7 213 1729 6 21 50 5 11573 11 14778 8 5 264
706 23
464 15 3089 16 34 1952 35
52 2861 5 2050 11 83
226 559 11 473
24 7 93 23
17936 4639 221 57 751 2612 7 134 564 17
1541 4129
89 84 5
143 1445 7 32 17 47 24 128
5 67 17 523 11 74 154 55
1619 12 5 482 11 3613 4
48 2619 17
7 294
404 2162 221
32 205 4
1490 541 15 424 11 193 30 34 5 1566 55 178 19
515 4
7 1020 326 70 13645 10924
2449 840 2826 526 72 2160 49 884 23
3702 1928 21 162 65 7 1019 20345 4
490 6 62 7 4290
1052 21 49 1068 1812
293 21 24 48 6 21 5 23 20 108 32 54 5
34 32 457 30 5 2575 3794 19
201 6 21 5281 40 7629 799
7 887 2290 417
48 49 164 19
1358 15 830 5602 9 830 778
49 658
2558 1211 9 5 830 23 8 47 26 640 5 3052 21 69 59 32
412 5 67 23 16 5 670 4
3951 232
656 6 237 88 29 47 26 506 19 19
243 169 1363 12 8160 3627 55
2046 15 95 6743 54 753 55 55 1339
130 48 212
241 4
5 67 23 124
7 528 1033 2999 5 83
7 665 778 19
14 246 207 1 53 7 134 643 54 13 337 406
40 181 441 23 14 183 161
954 828
984 21 2900
7 1020 326 70 104 5 756 8 349 12 39 1198
169 5039
7 1488 9 820 194 54 7 49 4335 263
954 828
7 241 6 13162 9853 11 3269 1
10 8 55 10 8 18 55
1693 503
311 48 6 21 7 143 32 221
32 510
7 366 1397 11 7 16938 503
32 1163 9 1110 17
2509 1
7 366 221 30 7 780 11 465 4
1 64 55
1 22
7 451 1801 145
252 76 16
1489 16 490
455 1502
74 851 1206
5459 2235
147 1303 266
241 19
2719 12761
1838 171 364 82 114 72
277 226 19
1364 1218 11 687
5 6445 483
1748 9 341
563 5 342 4161 740 14 183 124 161
396 190 1316 4
7 4144 8 108 818 158 22
2072 2616 15 177
188 314 873 626 30 7 95 1310 4
7 251 80 19
7 1736 523
344 34 10 259 12 467 69 34
11530 1 1502
4470 1534 6 140 8 7 32 17
7 4335 2274 23 18 301 4
24 93
952 8 177 19
5639 15 223 38 34 1688
48 166 156 7 224 83 11 40 701 441 17 4
5 98 296 4691 20
1 21 945
412 6 4
7 160 294 19
14 948 1215 25 158 12 522 33 318
9 14 773 14 113 495 74 112 14 20 46 8149 100
7 1188 19
360 6 1751 6 81
940 4
49 1552
192 653 3239 446 15 7531 601 11 465
140 6 5 1377 11 1733
892 8021
5709 329 18 77 79 1725 14765 11 2831 21 77 79 24 7905 5662 19
1428 4
1833 4910 2536 145 2197 19
104 2408 2298
7 1793 6 817 614 823 5156 55
175 631 273
32 6 21 49 164 457
5302 6 3676 17 11 5 1393 11 5 23 8 331 171
1 92 681 12 39 1
1 6132
1035 572 102 475 49 1068 55
82 11532 956
302 6 5 1765
465 247 7 1531
7 3282 5279
49 1205 19
3510 13651 457 285 29 45 120 10 65 4
878 3346 351 29 328 7 32 3639 12 120 13 19
1242 33 11 5 67 171 99 14 41 161 13 33 5 89 325 3634
7189 11 5 4393
51 77 3777 72 25 1619 22
67 17 124 118 19
5 313 7195
3649 11 313 55
1013 27 40 417 220 5 181
25 7 990 559 6 30 66 105 300
16864 18 9145 15 1 22
14 172 5582 55
13585 19
46 11 5 215 6 21 5 538 35
7 105 6 784 23 55
7 49 355 1315 4
157 1498 29 79 1406 7 11231 4511 254
59 824
10633 4202 8 7 59 93 23
348 296 11911 8 722 11 122 9 21 32 122 17
5 1343 193
5 430 8 986 4
1831 313 23 19
14 20 6474 254 98 11 10 4
1836 22
29 4106 19
341 4
11560 17
176 8 5 1376 22
33 11 5 67 813 115 124 161 4
3604 164 21 924 58 34 464 35 20 150 13605 586
10 113 163 6 21 103 108 677
7 49 617 23 4
1714 4479 22
49 410 17 7 213 81 85 958 271 9 7 213 81 55 55
186 747 8 26 36 18 48 4
511 42 15 386 269 70 4432
582 4
105 205 4
74 589 98 169 16 5 289 4
24 76 54 816 1395 55 55 55 1339
1 27 455 55
42 88 29 92 24 1386 32 22
10 52 2955 4
7189 11 5 4393
16 5 5774 11 186 25 29 4
48 922 19
5 157 250 314 12 5 840
10 15 24 158 12 101 2077 60 354 112 19
563 1 12 7 426 750 321 1193
1231 160
175 2160 3074 3646
5 5238 8467 61 9360 56 1786
14 172 24 7 13589 6 21 14 507 108 49 236 4
5772 55
10 20 16 66 714
299 3366 3179 3204 19
1306 50 10 136
307 499 221 4
10 20 984 6 12 151 5 287 28
33 11 5 1018 1045
81 85 1270
7 293 1097 57 36 5 219 4
5 23 52 3145 1
11917 3954
14 137 46 94 9 10 20 81 224
87 4830 19
518 88 29 41 512 161 5 239
5 541 11 372 54 37 4536
2088 11533
49 63 407
234 7 1310 238
9 1904 19
171 171 54 69 4853 4
45 332 19
348 296 11911 11 21885 5471
2046 15 95 6743 54 1 232
143 105
3837 8323
7 122 17 25 5 123 16 5 279 289 55 1 103 16 922 45 19
636 62 260 13 32 472 268 17 6 21 10 78 20 26 161 162 439
47 26 80 155 36
49 32 4
33 11 5 98 1480 677 115 14 183 161 36 46
7622 2167 57 1453 15331
277 614 4
48 23887 102 4
34 783 1045 4
10309 19
48 17 4
4695 2940 1561 4
6894 71 29 235 13 269
3355 2109 296
4033 10 8 26 10
3606 1657 483 5 2718
1750 294
32 122
13 8 604 332 6 14 45 48
5459 2283 52 36 5 7655 4
1 11 5 219
7 389 690 15 2906 12 5 3870 9 1655 6
7 201 778
263 5531
5 67 1532 239 375 5 181
24 32 6 21 58 1981 710
284 8329 19
405 54 67 54 5 215 4
5916 38 561 1721 19
14117 19
2616 15 177 19
5 23 52 3145 1 736 62 7 446 4
14 1167 51 268 55
1 1285
421 216 292 57 5 428 11 219 4
34 4822 8 24 616 6 18 14146 156 10 36 1885 4
29 470 26 127 42 579 29 19
923 5 7410 9 4261
7 2795 4917 17 19
252 8 2413 19 19
918 5 8035 61 2602 56 1420
232 12 5 415 19
526 1164 423
252 15 116 127 69 952 60 13
91 46 2507 171 4
14 373 13 6 21 6 13 6 8 26 19 19
1 4320
32 17
7 606 690 15 392 17
1050 1331
225 53 1 55
24 27 32 27 5 181 6 21 164 1337
147 33 25 368
17 326 70 34 721 2000 17 35
193 19
274 16 40 1413 561 112 81 224 19
797 15 1315 11 5 1 72 4
377 2179 54 37 67 4
11213 19
587 14762
764 5 3732 25 89 1045 115 12 257
323 7 1 23 18 20 374
10 15 45 321
48 23 19
1 171 50 26 128 7 32 23
5 67 171 23 11 13 5248
341 6 21 105
1 471 54 287 312
24 93 286
2567 6 1793 443 19
7 13653 6200 11 5 181 23
7 1020 326 70 1952
5 67 279 266 19
470 26 120 135 1573 442 5 215 112 136 4
10 36 684
5472 1609 19
7 652 1380 193
400 271 30 7 3439 1466 458
24 93
554 55 1339
5 1513 886
400 271
483 5 2718
366 221
122 25 725 9397 6 21 91 119 5 327 33 157 44 206 399 4
564 27 1356 27 20308 14150 4
29 79 116 101 1287 2940 102 4
67 227 4
29 470 26 127 5 756
7 49 608 21 175 3062 23
5 1119 11 5 1991
12728 13
46 4562 9 4858
302 6 5 1765
29 206 6 45 24 81 267 19 19
2808 38 160 154 4
842 62 444
20262 305
5 72 8 45 60 65 12 5 816 11 40
58 4
17852 21 32
1294 6304
1152 17
32 21 564 55 4
719 4009
652 294
48 166 6 24 94 9 5 67 11 5 794
20309 11 596
34 63 6 29 127 6 31 24 6 18 8 18 4 35
5 655 11 3165 14713 29 55
311 554 25 7 201 289 4
40 226 17 4
501 191 217 13 59 32
5 67 114 72 11 36 83
721 8 241 4
7 1020 326 70 56
10 15 24 85 11 186 89 5 1677 55
53 154
5 834 844 5 219 5 83 11 5 269 6
5773 1205 9 3965 11 122
12755 1240 14 773 51 557
307 342 17 22
5 98 181 23 124
4012 2576 6 1013 6800 1 11 40 417 4
918 5 572 6 275 9 658 23 4
210 26 4997 34 2845 35 88 29 31 363 449 76
7 294 57 5 561
7 16917 1902 15378 4173 6215 4
421 6 40 6739 641
31 29 1764 76 22
40 175 441
42 15 386 22
5989 370 11 58 1891 397
4694 23
383 32 171
171 54 69 67 4
720 273
14 422 459 244 96 32 13 1308 221 8
817 295 19
1356 4
11926 38 5 1332 11 154
1369 5 11242 8653
45 331 7 213 544
45 7 712 17 60 36 388 1 4
27 4180 27 10920 4
60 27 93 27 29 79 101 685 9 413
1152 358 1619 19
828 11 5 219
9 51 5 4363 11592
7 17 18 50 24 27 32 94 27 5 95 33 48 17
762 8949
13 8 604 679 4
164 4
931 1173 15 67 269
33 11 5 67 1476 115 14 41 161 13 33
688 13 33 61 5 16 2111
171 30 1076 19
1 16 7 1 150 171 17 1 364 6 45 40 175 256 2235 9 5
2315 102 294
7 1547 11 419
496 398 8 7 8177 2163 14 422 53 7 1 55
29 31 5 272 8 499 4
7 1812 2425 6 6805 3196 3357 193
554 367 5 1078
1322 6 4028 6 9 241 4
7 224 10897 1146
427 19
40 716 181 9 1793 182
34 5 1971 8 6995 25 76 30 5 4363 11592
114 53 58 126 4
324 16 5972
5 1655 55
74 1392 15 6112
400 271
32 19
32 205 4
23906 32 4
7 366 266
249 3028 7 963 12 7 146 19
10 15 81 946 16 5 3054
720 273
843 4
7 224 513 25 7 93 286
515 1304 346 19
29 470 26 6829 13 55
888 1457 113 76 888 49 1457
24 18 93
9629 5 1
11925 5 4437
268 12 120 13 17
7 193 19
1206 16103 23 19
2609 564 4
8448 10063 273
295 4125 11 1432 48 182 9 3890 1204
58 6 217 1025 23 19
96 29 47 171 53
34 14 1947 29 1987 4
1428 19 19
625 83 14 183 161 520 4
34 106 71 29 235 12 168 10 12 168 4 35
24 616 205 12 2429
653 14178
7 8642 223 22
88 29 235 12 2559 64 6 2559 64
4758 6 1617 6 367
5 963 11 377 1112
5193 20353
42 15 386 22
7 34 2539 35 921 740 25 7 510 367 55 21 13 68 24 39 4
5767 341
120 81 85 46 119 65 65
161 10 231 211 12 47 5 95 3057
10 20 26 18 32
49 1693
33 11 5 67 115 14 41 161 36 269 6 412 5 415
526 1164 423
4988 788
7 652 1380 193
62 614 94 17
122 27 1356 27 20308 14150 4
34 260 50 13 1 510 102 45 20 118 22
7180 4366 4366 4
277 7 32 221 4
211 531 8 58 3436 4
29 183 161 10 231 4
7093 586
5 14100 11 5 2707 8 42 301 219 16 55
68 26 2412 18 93 4
225 40 3356
13650 9 5 2578 7658
5 413 463 55
42 71 2082 47 22
16925 365 9 361 1 8645 55
18960 360 4
53 7 32 316 1135 1193 55 4
366 221
2731 5 2026 4
544 6 392 9 516 21 2802 662
169 1181 16 5 289
7 49 341 23 4
889 29 2732 42 276 867 1287 82 128 29 253 76 19
82 721 8 508 19 19
1 6 63 407 9 1
5 752 25 7306
1231 160
1096 12 507 78 253 1252 25 141 123 4
5508 15 443
241 19 19
524 6 515 72 18 8 7 741 19 19 19
940 4
16102 4
131 1327 60 10 7 32 346 6 131 46
147 1998 25 908 55
686 650 220 5 1146
5 866 684
797 542 355 4
40 8644 313 193
10 15 262 19
824 17 21 97 41 111 147 379 25 1358 1496
18 15 11937
5508 15 443
7 434 11 7 345 12 5 2258 682 1393
1048 193
234 93 476
32 232 12 1554 794 4
48 652 318 788
2794 9 5094 55 29 8985 19
3023 528 58 23 30 69 1108 1899 11 777
262 866
50 42 5 345
40 726 404 221 30 48 212 19
805 27 32 27 312 33 8 45
1060 9 560
36 5 1651 15 444
40 10118 62 149 126 532 9876 45 27 784
24 5 67 823 417 11 5 269 19 19 19
14149 49 1068 679 72 57 5 23878 587
5 2600 176 8049 9 7784 1286 8 1 19
1155 9 383
7 394 23 19
5446 221
7 32 740
1538 145 18 8 164
7 394 3793 19
18953 24 62 14116 21 62 7 1593 27 85 27 5 48 4
5 193
1 19
34 2320 35 25 66 6373 145 1502 57 37 367 19
256 1500 707 1
5 3076 25 3028 9 5 963
61 9 106 56
2638 2154 15 1915
5772 365 339 91 18 357 1 993 12 39 197
2180 840 3866 1
77 36 328 7 4914 2366
51 940
1393 11 5 1845 61 2554 56 642
16089 602 12 310 3199 3760 6 49 122 6 21 7 293 621 4
42 519 386 22
230 6995 57 83 13104 55
7 19017 11 122 9 5301
5 9849 17 8 51 85 976
176 31 5 2274 2333 22
32 6 21 818 7 158 93
5 98 1929 221 14 41 161
89 84 137
32 205 4
6475 150 1107 181
164 7168 17 30 777
2874 4323 741
1730 61 2349 56 1420
1 1 11 1 55
1327 16 188 112 4
7 23780 740 30 770
144 42 519 22
998 4321 1742 37 1142
653 14178
391 64 11 905 4
225 53 7 17 45 60 178
45 480 266
649 5 219 30 5 5532
4245 2513 1770 19 19 19
193 4
5709 329 7 7527
1303 21 93
10 15 45 321
277 24 181 78 1013 205 6
919 38 19
931 1173 15 67 19
307 1630 4
24 5 2929 11 7 1 23 18 13 17 8 604 55
112 1389 11 69 83
8648 652 1669 30 66 338 1204 73
25 3165 15 2373
5 6285 11 1296
32 457
16883 784
892 8021
147 2715 193 19
945 641 565
7 679 6 1622 5925
226 209 4
74 1206 919 17 4
16104 238
3055 564 9 93
5 67 23 124
525 32 6 701 23 8 108 7 49 248 23
1 1
7 49 32 17
24 93 6 21 24 48 4
7 32 313 23
4650 17 30 32 476
1141 1921
175 441 17
5246 1473
74 482 19 19 19
371 8 46 84 40 404 23 57 7 145
176 13184 1088
883 70 5 17 2447
48 221
14117 19
9626 9404 1086 12 952 1197
1 762 195 19
11909 958 700
5 2214 52 111 3902
1981 710
10 15 24 7 93 346
384 2250 152 461 282 537 10358
7 34 2539 35 921 740 11 171
24 680 205
24 93
6104 3731 9 122
7 606 221 152 97 41 111 51 85 89
94 1478 30 48 583 11 365
5 9592 887 322 57 345
158 8 276 55
96 10 8 7 32 965 23
13 72 22
89 84 5 3951 11 3586
7 48 17
5 3723 3764 3929
24 1047 4
332 266
3443 94
7 32 409 21 1321 1276
51 732
176 68 29 101 5 589 22
1218 10589
317 154 117
9845 5 1157 14728 1549
175 19
14 210 26 344 74 589 57 5 289 4
5 140 890 5 1182
263 273
1446 1352 6 21 24 59 48
60 27 93 27 244 580 4
9172 179 3217 358 271 55
5708 662 19
81 85 2365
13115 18949 4
177 12 7065
1052 6 49 901 9 383
1327 503 57 1249 4260
89 84 5 95 33
7 294
6542 70 5776 7291 35 8 24 59 32
48 653 145 62 5 5204 27 5 95 130
204 8 1 6 16 188 112 4
13 17 69 783 19 19
3033 19
179 1739 4
45 143 3367 32 4
48 1066 21 24 12 18964 20269
1 6 63 407 9 658
6475 8 5 67 3731 23 375 2137 4
680 6 21 63 195
2946 10917
48 263 405
47 26 314 18
699 52 667 12 5578
6393 14174
3967 11 5839
29 757 55
4897 9 616
1255 21 49 160 4
11569 3772 8 40 701 1601
2028 296
34 119 77 1897 65 12 522 55 35
7 4085 11 4820
682 1267 145 19
2650 8155 473
946 313 221 70 8994 11 1823
24 366 205 4
1 9 614 840 3866 1 19
377 2179 54 37 67 4
894 1 1 370 11 584 122 72 19
9374 370 11 584 122 19
7 197 875 21 1885
7189 11 5 4393
40 400 976 8 883
10 15 7 1707 19
1672 5 482 222 8 155 5 17 4
131 169
13611 189
3355 2109
293 25 364 11 5 457 19
11528 23 38 5 401 16 922 150 1292 31 29 128 13 85 8 262 4
2046 69
416 119 1 53 5 286 55
1012 2938 337 776
10341 1
762 195
2046 23926 2482 1315 4
40 656 273 266 18 108 1414 54 287 125
40 307 295 1
2498 55 29 79 120 5 2113 663 116 393 18 8 40 1430 30 98 564
33 11 5 342
5153 3466
1551 1591 3402
7 17 9 14 79 39 1221 4
1876 6 3362 4
5 3949 16901
34 14 172 90 10 15 19 35
34 7 1877 6 29 2242 25 54 37 154
10 15 403 6 21 58 294 6 21 108 341
1471 82 5 1730
7502 6 106 24 22
1302 5 2000
1107 407 6 118
2511 1800 6 8046 1450
307 1127 9 74 356 17 25 36 228
2794 9 5094 55 10 15 2046 797
169 1181 16 5 289
14 246 1030
4988 788
4097 193 349 1 1188 4
7 945 2025 4
29 422 478 12 7911 6 47 26
147 6823 795 933 12 2227 4
1822 404
5 95 130 21 47 26 115 53 13 23 19
516 6 21 164
24 48 21 32
7 1 11 21927
74 283 2184 4882
24 9866 102
7 2295 134 2352 221
67 795 346 375 1511
58 6 77 31 45 27 32 27 5 95 33 6 21 108 105
1630 4
21 32
8448 10063 273
1 11 5 219
33 11 5 98 5158 34 1517 35 4331 4
7 167 11 122 6 10 15 525 32 4
7 16856 705 936
5 1404 7 34 111 35
241 19
48 834 6 7 338 9 295 286 25 349 2058 978
1684 9 1068 425 10 156 197 209
1 21 32
67 227 4
34 32 1106 15 8974 346 19 35
24 93
2088 669 531 5 7617
16 434 19
953 680 221
1619 19
14 246 940
4288 397 6 21 63 118 10 630 12 76
10 36 684 30 7 2446 4
564 9 16 188 112 4
88 29 47 26 571 21 13 97 30 7 221 4
14 183 161 13 17
8 7 32 60 74 325 19
12755 1240 14 773 10 71 120 13 489
42 386 22
762 1309 9 622 6
175 19
4812 779 19
2046 1168 177
5282 55 18 8 51 226 4
20 226 9 40 36 83
50 7 142 94 6
3754 25 5 1343 16872 621
226 17
29 127 5 7905 55
1 55
954 828 8 1377 11 135 1945 1587
5 1152 30 5 98
360 9 7 145 62 482 19
63 6 45 36 41 1960
44 31 36 162 730 6 18 19
120 5 227 15 748 435
10 15 7 2419 24 132 41
260 4
13 52 2955 4
5 541 11 372 54 37 4536
32 361 1
7 275 3072 294
14 235 29 12 579 76 27 268 27 29 79 4
797 15 241 1315
114 5 1394 11 11261 16928
295 19
403 23 18 8 720 4
3412 20 205 19
7 3068 6 13124 9 975 182 11 3680 9 24 4861
7 456 10629
156 29 235 81 53 1876 6 370 6 63 58 4
61 1 56 150 176 16891 11226 1252 6 363 9839 397
193 4
523 150 5453 4245 84 137
5 919 8 712 27 7785 19
11944 6 1 6 1
128 267 29 1447 5 954 828 2140
2821 31 177
582 55 18 8 226 19
1 271
608 1086 54 7 32 83 54 36
1750 294
108 3066
24 45 147 4219 17 19
147 48 4988 23
1008 2057 70 74 140 23853
7 787 7912 2122 4
321 930 710 221
10341 208 5 473 11 796 61 410 56
237 7 213 1729 21 63 187 5 120
7 338 666 11 193 171
24 7 294 99 31 225 4
1011 1940
201 778
14 114 29 4
722 11 94 21 32 1526
412 5 154 6 176 8 5 23 19
147 17 29 41 12 1484 4
665 778
1 883 15 917 750
10309 19
5103 23908
7 1750 193
706 23
321 221 55
1269 9 357
49 9594 55 4
59 105 6 21 32 122
5 1 16093 11 1095 655
49 680 21 341 1337 55
1060 9 560
7 48 701 23 6 145 8 24 7 49 122 83 6
3195 1345 273
9 2115 19
47 26 2886 38
5 94 8 45 745
33 11 5 98 197 269 155 5 653 1
34 5 219 31 17907 12 262 117 4
3194 432 6 58 122
989 66 273 19
193 6542 55
3927 50 10 136
3231 19
24 961 6 24 4942 4
7 2292 4142 171 23 30 7 348 2909 1919
2817 1380
48 524 34 813 35 145 55
122 112 25 5 72 21 24 7 1133 6 13 8 7 17 30 14106 1391
2116 61 2258 56 150 5 632
5 356 1717
7 197 974 12 419 4
85 89 84 5 181 4
5 13129 474 57 32 8629 1314 12 1948 8629 1314
29 47 26 328 12 39 2268
105 6 21 1693
1693 72 60 7 455 19
100 291 18 1 27 51 55 55 4
441 193
147 263 11572
194 2391 604
7 160 294
164 27 7 17 6 21 108 716 49 54 287 25 5 95
20259 441
3481 314 837 375 399 837
1983 15 663 5 148
820 72 6464 1368 254 7 1295 666
720 4
36 60 2691 2199
229 208 125
5 6739 92 51 372 19
2716 6 1488 9 3048 4
68 14 1530 22
48 25 164 6127 4
5147 824
32 397
1631 9 720
361 6 2923 9 3403
3213 15 13123
143 32
14 172 195 4
29 470 26 127 109 16052 55 4
3873 11 1233
7 197 974 12 419 4
2028 296
13115 18949 4
32 21 24 48
104 31 1803 1 403 22
147 629 61 21 108 48 19
868 153 6 21 14 20 2340 743
140 1330 140 4
24 93 3520 2032 17
114 5 834 54 5 345 4
307 187 10
401 19007
164 21 940 4
33 11 5 342
32 682 94 24 1
7 2507 3376
7 366 17 55
40 4086 447 2536 12 1191 1203
68 24 801 55 1339 78 958 22
108 121 18 2170 3304
237 10 15 83 12 6892 5 289
7 3278 32 23 21 58 294 4
1 55
7 32 273
1625 256 2044 1327 171
641 8163 627 65
42 79 14 151 22
2136 21873 12724 11 1944 20306 19
5 866 684
1952 8 7 569 20347 6 30 69 1 2425 5784 4
81 561 81 132
295 19
7 572 193
4530 6797
3319 260 8 1013 9 5401 4
34 32 6 6225 221 19 35
1058 592 55 55 1339
4466 54 37 67 750 19
122 17
404 631 145 30 7 243 169 3434
5 154 15 32 83 4
49 181
58 4
191 1102 1041 69 6455
274 74 356 17 18 52 158 12 280 5 1146
717 1112 70 824 72 21 295 840 6 1224 72 657
564 60 81
23907 55 77 2009 812 25 10 4
82 721 8 5 140 8 1140 19
81 372 19
1719 40 3118
273 17890 56
7 2116 53 29 7 460 12 80 29 6 31 5 390 135 145 92 53
21 4174 68 5 98 2481 4094 124
146 6 1952 19
42 31 29 1215 25 22
146 16 5 3269 3627
16889 9 20280 4064 9838 72 4
24 25 5 4509
24 5 215 34 151 6 34 44 92 26 1934 162 467
9402 15 1 1315
88 29 146 16 5 4198
250 81 1255 9 80 13 338 94 23 54 5 276 94
5 219 11 2810 6 593
52 69 300 6 21 923 5 566 11 5 181
32 166 6 21 13101 476 6 5280
564 19
40 164 417
5 67 57 1306 51 230
24 5 95 33 48 17
372 1315 57 797 19
7779 8 7 7789 11599 765 1760 22
4510 4
237 19
4429 6 1328 6 3319 4720 5455 621 19
7 901 9 564
9 51 10 15 398
6651 812
10366 4
18 15 405
13 272 8 11562
77 328 7 134 46 94 9 866 150 1534 4
940 4
61 6822 19 56
2885 1174 8322 19
192 6 21 108 225 5 243
33 11 5 67 455 17 124
32 17 55
1952 27 296 1467 802 101
13 8 357
7 160 318
1826 16 188 3357 196
93 9196
51 732
271 21 164
40 175 273
2532 460 4
7 23 14 53 392
1 326 70 7 372 1315
106 8 26 205 13 33 19
20 13 8 357
2617 5005 2642 1145
119 7 2801 4
5 67 812 292
459 29 42 53 13 33 36 5 682 6547
24 5 197 441 17 14 113 4
3073 9587 19
564 55 12 418 10 2112 55
13 8 1311 435 54 69 3604 965 67
96 12 317 186 9871
1696 2129 8 54 37 917 19
67 17 124 118
43 15 58 640 55 4
7 1020 326 70 169 1971
32 753 221
529 4560 15 95 509 4
7 17 18 1145 1088 5 2050 11 83
1534 9 720 4
106 51 1439 22
5 2924
518 171 17
302 74 482 19
482 480 55
832 5656 102 5 2707 8 10 27 187 10
5 67 171 17 16 242
8447 5030 6 21806 1
1 9 119 66
7 93 145 4
34 5724 707 10 15 537 56 55 61 266 56
2658 94
5246 1473
34 1122 219 16 5 314 199 31 1 34
91 46 2507 171 4
3073 9587 19
599 89 84 5 181 4
5 14770 2379
2114 169 1971 374 21 108 341
13 17 8 45 976
883 70 5 197 18943
783 4
10 15 7 313 55 4
1712 38 5724
3494 4
5 2924
7203 8 48 6 21 5 17 45 55
7 321 8045 273 19
7 105 189 18 210 26 10 6 9 14 47 26 235 7 4535
7 262 1841 621 19
49 826 263 405
2141 401 4
241 1347
7 962 6 214 3195 72 19
1210 1777 30 365
706 9 548 1986
29 470 26 127 42 579 29 19
7 16876 3896
32 457
13 8 24 7 48 486 6 131 36 42 29 422 133
7 457 71 39 293 593
55 587 14762
24 91 3761 164 4
488 9 5 67 19
226 19
10 15 108 32 4
986 367 5 74 396 56
32 397
2114 19
1693 174 1634 3826 549 19
13 8 5 169 10602
164 9 332 23
3566 7387 17822 24
7 782 778 30 7 713 114 72 19
5 725 2334 128 13 17 55
7 193 171 145 4
5 67 199 629 81 32 12 39 262 9 6199 358 4
5 98 296 4691 38 715
293 249 19
5459 2283 52 40 226 835 21 2411 3801 1007
2112 164 1281 1304
16 1995 405 1391 19
1736 145
132 1
7 313 604 19
34 32 35 346 6 21 13 50 24 736 5 23 182 4 35
1848 70 93 1990 55 2093 14 41 12 2229 65 55
32 263 17
1377 11 5 10930 17912 9 1526
49 518
536 11 3234
96 10 20 5 342 6 164 94 115 19
48 25 164 6127 4
616 6 214 55 1339 480 441
184 4
1952 8 24 27 48 27 312
945 21 164
1693 4570 273 30 355 166 9 1
32 198 25 1412 1246 21 97 26 327 34 4169 5852 35
7 1594 23 47 26 120 13
281 2222 6 13 33 25 76 4
3281 229 554
32 255 6 91 178 6
34 1 19
5153 3466
42 7 112 12 168 7 48 1819 16 435
2722 9 105 11588 208 2597 239
4544 5 8658 55
34 933 12 7753 149 566 288 3304 208 1932 4 35
7 284 357 17
314 4287
8949 19
104 3123 20 374 16 99 55
7 32 6 6983 2999
13 8 1128 3660 15 67 4
893 3272 5 1098
231 12287 9 13121 1934
5 219 11 1073
95 14704 1037 25 5 12274 9 37 16012 1139
5 67 145 14 183 124 113
252 5 528 2949 4
421 7 32 221 55
7 32 94 346
9591 1182
13 8 5 660 11 310 98 6 6547 56 14 20 155 36 5 215 83
7 239 12 39 7 48 17 4
32 205 4
46 1 554
48 95 426 112 192
4574 2096 9 732
24 7 2700 659 16 10
504 12 128 7 543
3890 12758
7 233 32 1726 300 588 65 12 145 53 5 947
1 9401 11271
1934 153
202 388 55 32 1150
582 6 14 20 743 55
366 549 15 139 6 51 233 1795 55
32 17 4
5 67 23 124 19
3231 19
4694 23
1831 313 23 19
105 117
7 11266 17 22
2024 6 21 18 15 45 46 122
14 108 47 26 127 106 22
21 1834 24 85
3873 11 1233
7 820 776
7 284 48 23
940 457 30 66 1669
5 4095 3770 3392 19
237 7 213 1729 21 63 187 5 120
1140 23
1328 6 3002 6 48 1901 17
7 9355 11 1981 641
143 32 174 6 21 24 27 32 27 5 95
143 355 780 4
5 9592 887 322 19
34 48 1106 15 221 19 35
89 84 5 95 4
42 7 1841
33 11 5 67
7 293 145 55
54 287 10 311 32 4
24 85 11 7 6297 6458 62 14 422 53 29 1480 956 4
24 93
5 67 189 289 4
2638 2154 15 1915
176 8 5 1376 22
225 2708 6914 6 21 10 8 341
23855 122 19
5 480 189 60 154 8 13 70 106 29 1381 4
74 356 377 306 17 55
10 282 38 9 38 55
1122 822 543
919 38 19 19
459 29 42 29 183 760 18 10
5 316 16888
5 10915 8 24 18 5294
33 1761 1179 12 2943 10
716 7419 221 19
295 17 6 21 108 483 5 2718 4
47 26
38 327 11 5 219 11 2810 6 593 19
305 27 40 473 803 4
498 7 962 189 178 4
81 456 296
1 55
1 6 12354 6 10369
525 105 19
34 48 1106 15 93 569 19
5 5835
34 55 411 154 8 1125 4 35
1 1954 224 17806
924 4729 9 614 23
1373 6 63 792 6
5 11932 4363 11 434 21 331 24 5 23 18 8 277 7 48 83
32 17
8808 19
47 26 2886 38
5 1 8 1 19 19
13606 1262 1
7 2084 17
58 4
680 21 296
23845 199
14 757 10 20 897 1 25 5 10935 56
81 1013 7 213 248
665 778
87 4830 19
93 10922
143 3367 32
218 10 7 46 711 84 76 285 24 5 415 122 11 5 1819 4
70 56 49 293 641 19
114 53 58 126 4
7 32 740
5 67 94 17 16 242
341 4
7 6214 11 154
21897 6631
7 366 266
7 160 868 23 18 244 580 36 5 112 11 1122 6567 15 16076 4
147 32 1405 55
371 192 84 5 95 260
8968 6 1625 9 14194 160
1554 5 326
42 16 5 386 83 22
1826 72
34 5724 707 10 15 67 19 35
14 240 114 29 120 4
7 366 166
15337 238 1759 2501 55
5 17 14746 5 823 2250 60 10
192 972 103 11263 63 1276
32 6 21 43 31 66 199 417 19
226 417
89 84 404 6131
19040 89 84 5 1025 33
1818 1 8 33 11 5 342
11921 70 4433
42 12 151 5 287 189 837 22
74 283 2184 4882
714 21 560
24 48 6 21 923 5 32 692
147 2203 17 11 5 2488 4
48 171 23 21 7 108 7 48 725 1394 23 4
5147 824
1 6132
7 1020 326 70 23933
33 11 5 67 171 115 11 1754
7529 3675 1055
1968 4
5 67 823 417 11 5 289 4
77 235 46 5282 19
1205 178 6 21 24 81 93 4
14741 2918 79 24 418 129 29 16 5 17877 3392
2419 13 239 19
887 6 143 12 39 9 296
4481 65 12 5 181 21 108 7 143 181 205 23
29 206 103 27 389 27 252 15 98 16 5 482 41 407 16 13 833
62 230 5 705 14 41 2220 147 17
421 6 40 6739 641 23 18 8 26 2126 150 9611 586
68 26 1388 66 31 82 80 74 3276 12 229
12339 329 38 260 19 35
7180 4366 4366 4
45 32 205
5 342 1306 17 124
2332 11 204 55
6824 195 94 17 4
5 1787 47 26 182
29 504 530 19 19 19
518 209 6 258 24 6 21 40 617 33 25 7 294
24 1 21 164
7 1
10 36 684 19
23855 122 19
6475 8 5 67 3731 23 375 2137 4
5 1 655 11 419
919 38 19
366 17 60 1293 2863 4
1922 9 3663 69 869 1321 4
169 781
360 1394 12 594 289 55
70 56
5 67 23 124
14 4040
1 326 70 3119 9 11568
143 404 312 29 101 190 5 530
226 19
10110 8 2260 186 5 673 3311
21 108 7 49 32 38 5 408 110
187 5 3733
7 564 723 10606
323 7 1 23 285 13 17 22
40 4178 417
8965 9364
10595 13603 11 6629 428 1198
17 27 1013 312 6 13 20 197 1843
730 6 14 20 187 10 6 21 9 195 81 224
277 226 19
1 30 3359 102
50 7 32 249 30 5712 69 1232 4
3404 8 7 6191 64 11 3404 4
5 9188
649 10 12 16953
7 15320 15321 443 19
1002 6 887 6 271 4
1364 9 341 88 7 213 564
7 946 9 3544 318
579 9 581
32 1147 139
89 84 5 95
80 13 23 4
5280 1730
32 4
36 9 40 94 1 1594 145
163 12 39 46 4
14 172 24 7 13589 6 21 14 172 36 18 210 26 1082 7 11251 238
19009 1 16043
1541 10926
5 1343 417 18 1088 10
14731 22
608 358 591
820 72 6464 5 1756
32 1197 9 87
48 16921 1383 4
3951 232
29 41 12 1484 10 19
7 1020 326 70 3808 30 16077
33 11 5 98 1018 99 124 118
49 518
2402 2305 15 23797 6195 108 1104
5991 78 3967 22
10309 19
88 29 146 5 112 1012 199
24 32 6 21 58 1981 710
712 6475
890 154 17 55
24 59 4
49 32 19 19
24 48 6 21 5 23 450 733 9 16 288
34 2245 5 1338 35
237 19
455 1502
2088 11533
104 182 19
418 1045 177 38 5 7618 4
38 1
1168 12 5 4219 536
50 26 1388 66 11 5 98 1206 115 11 1691
515 1304 346 19
14 79 2801 13 5833 61 410 56
323 105 88 29 82 94 223 5 1405 25 401 4
5 16016 11 398 871 55 4
1149 6 866 9 7 538 15 4
1052 9 1808 4
893 118 74 401 14102
24 9866 102
32 1147 139
144 77 127 265 214 6 8 76
1 19
1 6 12354 6 10369
59 122 17
98 564 23 11 3391
3319 260 52 69 283 3770
655 208 5 140 1330 6 5 1 8 866 55
1874 9 1922 4
45 46 11 109 5 181 9 1793 182 11 473
241 546 221
4322 919 2144
15406 38 12 2072 2616 15 1413 4163 4
67 788 124
5 171
33 11 5 67 171 99 11 1754
516 6 21 42 8 26 269 70 205
227 5601 2385 585 11578 428 4
380 10 136 6 847
7 19039 263 117
81 85 2365
10 15 1 102
5 2737 11 5 794 4
468 5 572
5 3584 1 5307
377 2179 54 37 67 4
105 117
8 13 681 12 39 105 22
284 7 299 1626 788 193
10 15 45 455 55
5642 6542 19
58 7423 19
36 5 1651 15 444
48 1232 6 404 1575
24 806 6 21 108 24 32 4
32 472 268
34 1 35 23 30 5 1343 417 16 12729 1460 35
19000 4
2638 2154 15 1915
48 810 19
8447 4
222 1939 16 8803
131 169 100
48 17
953 680 221
1 8 7 3707 118 482
7 48 23 6 564 4500
32 281 4
884 54 67 4
18 53 10
24 27 32 27 5 445 6 21 24 93 19
7 5650 221 55 1 273 221
1 4
847 4513 222 10 276 425 136 4
13 331 50 24 5 215 27 171 27 268 27 7 145 6 10 8 7
96 29 235 12 380 22
790 247 4759 19
11254 22
4767 4102 8 56
560 9 2609 499
817 614 19
548 392 17
7 2025 212 25 368
1102 1119
3807 15 275 145 21889
1205 852 939
456 1103 17865 3948 3643
7 820 776
5153 3466
10 24 48
4580 1 12 440 13183
546 208 273
1906 6 6218 2123 55 4
24 93
51 85 163 9141 55
7 1000 2125 11 4427
77 216 2224 182 25 10
1 346
1 40 1469 23 2688 84 7 171 17 18 8 341 27 5 12357 588 29
11900 6462 6212 62 32 212 4
218 10 7 1006 366 171 145 4
13168 83
8968 6 1625 9 14194 160
53 7 2511 266 6 8 197
8047 936 4
175 23 1201 19
271 117
578 9 260
30 2341 15 532 4876 22
923 5 140 90 52 26 91 93 205 300 292 55
4029 30 5 597 9 32 4
783 4
34 2080 260 171 1037
193 788
7 884 829
85 46 84 18 19
33 48 23 25 2193
884 1547 17
1877 216 74 5087 4
5665 6 12325
43 8 58 1095 3028
7 197 682 346
5604 30 419
94 1478 9 3105 4
7 17 25 188 441 140 55
1412 1246 11532 4240
7 901 1791 12 7 123 45 24 54 36
45 1280 122 6 18 829 19
1359 150 893
560 16 188 112 4
5 1808 3174 282 38 9 105
341 13609 17
439 409
24 93 3520 2032 17
20 26 898 13 19
96 268 8 108 32
7 46 11 94 441 171 115 53 5 309
175 19
42 7 178 189 36 5 611 198
32 205 4
33 11 5 67 11 2209 17874 3277
45 143 3367 32 4
653 14178
296 703 11 413
61 594 56
2114 193
241 1 5511 273
32 569 294 19
5 5091 52 17909
4897 9 616
1 150 4830 166 8 679 16 12743 15 1750 193
720 4
4574 2096 1 55 4
16864 18 9145 15 1 81 22
67 701 23 12 874 19
164 88 2946 221
224 6 3795 6 24 85 2572
23782 586
679 6818
146 27 51 712 7777
525 32 19
8967 441 193
8 10 24 32 4
67 6478 17 11 5 167
14 172 535 930 19
5 72 8 24 18 32
5191 788 10075
89 84 14 217
256 1 72 9 396
762 792 6 21 962 12 344
2012 16 2924
131 169
18947 8447 19
7 2070 11 1031 1266
1608 5 1139 4
5 1 977
19000 4
1 55
5 67 11 5 2611 16014 15328 4
122 6 21 3460 55
1 8 7 3707 118 482
357 4
5 1
7 72
1 6 12354 6 10369
1891 385 993
973 93 93 4
1594 524 1 221
7 98 1155 221 19
93 9196
14 113 7 962 83 30 13 33
5 168 20 1613
1566 30 491 8464
569 614
144 6 79 44 454 22 35
7 525 1885 223 129 94 4
1088 5 2050 11 83 4
10 15 1127 6 14 20 7 87 5914
42 7 1841
45 27 439 27 5 140 376
1750 114
5 34 650 1876 6 3362 4
7 32 313 23
1441 30 74 1 72 19
525 341
24 48 19
366 6 12272 795 17
4942 1086 12 8792 465
2425 129 7 446
7 4290
478 4
937 4
96 60 66 6373 145 386 83 22
147 7186 23 57 1254 796
23870 3547 6 7090 1554
145 78 273 22
46 699 1283 119 1876
1152 17
1738 22
5 920 33 36 83 2274 236
248 9 72 60 5 17 19
311 293 21 18 15 10 4
24 9866 102
32 682 17
21 14 279 24 93
7 456 6 21 1091 17
1872 641 435 21 14 68 26 127 125 55 191 52 5839 16 35
85 89 84 14 20 898
5 2324 10111
6402 1 66 1
5 1391 11 1115
366 263 17
40 3359 1619 12 5 4164
40 443 559 11 435
57 9833 140
10 15 1953
7647 25 361 869 6 21 7 213 677 17
5991 78 3967 22
46 2167 84 83 63
2017 3326
5 21880 1350 6628 788
34 32 221 19 35
4298 25 1019
1782 1522 8 295 27 16875 2233 19
5 356 1717
7 23 176 29 1480 956 25 5 123
13161 29 55
166 1104 5 262 232 633 11 754 23 19
2420 38 40 6558 6 9 106 244 22
2128 8 33 11 5 219 11 2810 19
7180 4366 4366 4
337 441 193
1355 26 51 93 19
2609 226 19
7 2748 1 19
7 394 3793 19
13645 10924
5 894 1945
7 1636 3498 6 21 371
33 11 203 1295 99 30 200 226 4
16104 238
1140 19
59 6 14 183 161 162 439 9 681 12 47
279 2188 25 76 6 5 33 23895 8179
252 15 5932 5932
5 894 1945
1973 11 5 2707 68 10 19
14117 19
175 23 1201 19
25 5 140 17
11925 5 4437
176 15 5 866 22
40 175 319 15 2022 7282 4
213 728
665 1310 238 57 5 181 6 21 108 7 48 23 19
29 41 12 1484 10 19
275 6 1328 6 3319 4720 5455 621 19
1802 76 743 4
13153 21 5768
122 19
147 33 25 368
3009 55 4
15392 12 1467 3842 70 1 546 61 594 56
47 29 53 125 19
7900 2865
40 2240 193
5 224 93 1907
954 828
620 9 14171 6 88 412 7 2767 1224
211 5533 4
47 26 120 13 17
3758 17 444 136 6 8 19 19
1 1 3215 1
48 17
762 1309 4
13 8 5 197 21858 19 19
5191 441 7500
2991 772
1303 21 7 564 4074
4920 11252 38 5 2543 150 2204 2126
584 405 9 544 1204 1786
5 232 77 2009 125 55
614 16921 17
7 143 2578 23
7752 4
2116 6564
5 243 82 23812 65
7 5790 631 221
439 266 54 69 446
7 248 1508
523 4
5833 8 784 1786
24 1112 15 67 21 32
147 72
111 43 6 195 4
324 16 5972
114 5 409 21 55 1339
7 820 776
11227 5 2060
7 1188
24 59 117 19
2780 650 1655 4
524 871 2412 4
2691 2199 638 89 574 55
108 48 17 6 21 108 716 49 54 37 4853 21 119 55
10 82 114 10 6
5 602 22
216 640 68 7 4061 22
29 470 26 127 42 579 29 19
74 887 3749 2467 11 2320 868 4357 70 1955
1045 311 54 7 1422 15 1609 9 8033 4
628 19
201 778
7093 586
42 386 22
2653 27 4874 10094 16 5 1312 49 3242
1478 30 5 3305
8618 12 8148
40 443 559 11 435
18929 1
103 5 342 16 5 950 25 33 11 5 67
7 20368 17 55
104 9 4502 42 135 5282 702 2629 19 56
21838 21838 21838 21838 21838 21838 21838 21838 21838 21838 21838 21838 21838 21838 21838 21838 21838
1031 4822
45 344
656 6 6397 9 11264 78 49 105 33
7 856 197 294
7 296 1186 11 81 132 126 271
93 4
47 26 1026 13 503
29 47 26 101 5 1 4
33 11 5 98 940 99 16 13 159
820 88 29 101 129 10
7 241 6 13162 9853 11 3269 1
7 337 2241 12 6060 1482 11532 1721 25 354 11 7 1068 112 14 210 26
32 446 346
1 8 7 3707 118 482
488 164 4
10 15 1953
5 67 812 292
29 470 26 127 42 579 29 19
2425 1250 57 5 7620
383 17
7 9619
768 15 67 23 375 6827 8992 7307 4
226 55 9 5 482 222 55
836 19
14 47 26 101 10 4
483 42 10 2873
63 195
13 8 5 232 77 92 1215 25 22
7 1020 326 70 1952
13635 15 1730 55 11 919 8 158 25 4
919 38 19
311 293 21 10 15 108 7 32 221
68 26 1388 66 31 66 66 261 11 17
1074 1309 9 622 6
40 3458 417
820 1366 11 956 9 1
10 15 5 1192 4900 30 3398
524 641
8633 30 7 873 11 12712
3613 22
59 606 6 2033 9 762 30 7 1 102 23
3051 10348
5 4169 592 11 2807 20 81 8028 150 25 5 652
1 22
890 30 1688
13 5605 5 1762 115
2989 384 722 11 401 9 807
48 1383
386 150 326
2902 38 318 36 37 4534
5 415 692 23 124
5 72 52 5 168 11 7 394 794
658 6 88 29 31 7 23865 916 551 15 2022 2094
32 17 4
1478 30 94 1446 6 21 469 63 792 4
134 38 5 572
1935 1688
9619 19
7 6901 23
83 8 413 119 7 32 83 633
5 67 812 292
105 6 164 9 3087
7 45 357 17 29 224 17
16089 602 12 1327 55
205 9814 9 3148 162 7 4997 157 4
892 8021
3006 37 655 55 1122 6567 15 16076 4
20239 424 11 5 367
147 2720 11 655 254 114 4
1023 70 8975
147 296 1042 346
45 7 2511 850 346
5 67 23 124
70 56 49 560
342 11 5 2721 25 5 67 17 16 242 4
554 47 26 19
1109 2987 8 7 1995 1456 25 114
797 542 355 4
9597 19
7 293 5584 424
313 70 65 605 9 851 4
7 9602 8162
7 1020 326 70 1122 6567
313 70 65 605 9 851 4
45 345 23918 64 5 1852
13 17 8 877 681 12 320 16 1311 7 294 55
2046 15 95 6743 54 1
5 1947 11 5984 8979
33 11 931 1173 15 89 871 6
8 26 10 3467 18 128 29 36 11 114 30 37 1 4
7 366 94 221 89 84 5 2602
138 24 5 95
3510 13651 457 30 3365 562 6130
14169 4852
3937 6 1278
366 17
1125 6 1284 9 21890 15382
162 122 285 6115 8 813
2817 1380
5 952 8 655
5 168 61 202 260 56 150 302 6 5 315
5 866 684
5198 71 114 10
3051 10348
10601 54 69 67 391
1625 9 4509
34 13 795 3938 6 2820 5 3321 886 4
50 26 182 19
644 305
420 8 310 160 60 5 1051
13180 11 202 578 208 260
614 16921 17
192 2035 10929
74 356 400 8976 11234
1958 1 565
587 228 5 23913 4
5 1 1327
181 1508
884 54 67
1112 5 227 2646 11532 1112 5 3903 38 17
5 67 812 292
459 76 42 8 13 83 19
7 347 3772 35 25 829
120 5 98 383 9853 125 1 129 5 16 823 1800 4
3818 19 19 22 22
89 84 5 95 17
2449 840 2826 526 72 2160 49 884 23
175 631 273
108 49 32 4
5 67 17 18 210 26 120 66 719 94 17
145 30 5 4285 446 4
1822 404
516 19
5 505 288 719 446 55
214 19 19
7 495 543
3635 30 40 1377
145 30 5 289 11 13
866 404 25 8996 11 83
7 3826 134 1188
63 6 10 20 615
5 67 23 124
5 1263 650 3469 6 4389 5 673 3311
225 197 875
7 23 182 100 30 401
143 820 4
89 84 5 95 6 21 108 32
608 1086 54 37 591
7 248 1508
394 34 4170 35 17 285 951 3306 15 67 139
1109 4772 8 14170
7 652 788 10317
34 6475 35 8 7 21910 19 19
4439 1
5 67 1532 239 375 5 181
9359 9 5 8958 70 5 1525 387
147 337 114 72
40 1413 1830 4
2537 2016
49 826 263 405
49 190 921
7 122 17 25 5 408 189 4
741 19
96 10 20 36 5 356 453 22
45 27 32 27 5 95 55 5 1320
614 209 22
7 49 355 1315 4
10 15 648 7 850 536 440 399 56 642
4530 6797
2556 11 7 1 17
1952 50 223 7 2907 102 11 158 6 10 15 24 7 579 9 581
7 105 17 30 727 11 401 16 55
501 648 13 7 34 1235 35 22
29 79 207 211 12 29 22
7 266 187 220
5 336 14147 146 12 4386 55
7 98 680 269
58 610 96 32 5 510 8 45 24 5 95 130 22
2764 72
32 209 22
131 181
24 54 36 93
7 160 1310 65
7659 820
733 9 1779
5452 260 8 143 85 747 592 62 751 1471
480 6 21 14 53 10
1843 18 1306 99 31 32
918 1 6 13 83 1846 877 19
24 27 32 27 5 4724 33
47 26 39 12750 55
713 17
8624 160 17 25 5 33 16 13 17 523 22
34 13 8 74 4909 1566 35
960 726 1
5769 197 367 55
12728 13
81 85 2365
513 6 42 22
1345 22 22
33 11 5 342
42 481 104 7 34 1979 21923 35 61 1374 56 150 14 773 29 206 1485
5 1146 12 3352
48 23 6 21 52 18 1004 83 129 7 17
14 246 1046
55 587 14762
1122 822 543
7 1020 326 70 2259 3418
33 634 4
7 48 9 2985 446 346 61 20 205 524 145
530 1051 19
1380 17 58 4
11944 6 1 6 1
7 1
268 2121 441
46 1 11 7 266 6 21 1233 856 5 181
5147 824
587 14762
1752 9 11581 405
48 17
716 7419 221 19
6464 5 854 663 5 3969
9 177 5 264 140 19
103 426 156 76 7 49 2650 296 503
1473 6 680 7624 1197
5 752 25 7306
5 3967 11 23830 1
32 446 346
43 8 16 5 219 88
226 209 25 5 4869
7 23 187 220
1520 25 169 1971
1354 523
307 732 4
4012 14779 17
5 5835
32 21 24 48 4
671 588 6 79 29 4862 66 83 22
2508 9 899
1 22
10 15 81 946 16 5 3054
379 694 139 62 376
441 285 399 31 5 215 6 21 108 164 55
918 5 1 19
14 116 113 10 13 32 22
4774 23924 2994 4
1328 397 6 548 2372
24 449 25 36 1395 4
616 6 8486 9 192 12 522
3360 15 2056 1727 5 23
5 67 11 5 905
58 5667 54 36
404 145
5 602 22
7 32 5306 1
29 251 436 13
4605 990 273
564 72
8609 1510
74 356 377 306 17 55
277 4364
7 358 1282 11 12320
5280 1730
1 3070 129 956 4
138 26 10 41 111 648 5141 2827 22
49 940
797 15 1315 23 6 8 372 9 3327 6 21 911 404
3102 27 741
7 1012 621 19
8621 1928 171
98 175 19
5 399 31 29 82 19
43 15 58 640 55 4
318 2130 1938 5 318 4
3241 914 1174 87 4
171 30 1076 19
2616 15 177 19
2043 20256
34 14 31 29 66 956 35 14 172 252 9 104 14 279 7 93 17
5 67 171 23 12 5 168 11 7 394 794 6
312 1009 7 83 16 358 4
40 6376 221
1 1152 72 55 412 491 1558 4
13174 1 12 93 4108
7 332 2352
7 32 507 19
2428 58 4
24 27 32 27 5 95 1 11219 11 5 11591 1641
24 48 21 488 164
48 122
1861 10908 15 401 9 367
5596 4
986 6 4127 6 275 9 49 2396 780 4
5524 9393 156 13 7 1382 1394 12 795 446
46 53 21908 84 640
1340 6 595 24 118 7 401 5202 72 4
2900 13184 4
5 5091 52 17909
554 25 1730 1 4
1844 1042 17 4
18934 105 208 18935 1
24 27 32 27 5 445 6 821 202 388 4
143 564 4
305 27 40 473 803 4
1389 11 69 83
192 3730 38 11252 55 55
95 4986 7 276 58 33
32 232 12 5 1263 794
317 154 117
1 6 7170 273 11 7 1707 1771 4
1358 15 830 5602 9 830 778
1 2057 19
6999 5 3212
5 197 4125 11 473 9 405
7 901 7913 12 20366
147 1 23 4
16908 14733 4
5 952 15 82 239
2041 9 13621 2703
46 2167 84 83 72
7 23 176 29 1480 956 25 5 123
191 559 60 141 7777 9147 4
42 79 14 151 22
114 416 52 58 1297 25 5784 6 14 462 4
24 5 23 97 41 111
5 3584 1 5307
59 6 24 18 48
5 98 181 794 18 8 32 9 5 169
2886 38 2729 4
32 6 21 24 1112 15 917 4
36 1513 144
29 79 649 5 1048 6 18 15 24 7 538 1214 1 22
5191 9 5709 5144 4
46 53 5 5910 102 928
241
5 23867 17
1 30 3359 102
5 67 114 72 11 36 83
1935 1688
13 17 82 128 29 253 69 3613 4
421 216 12 127 1122 6567 89 84 7 1942 19 19
5 395 188 23 547 7 32 5725 55
7 241 171 23
24 36 18 1102 21 108 32
2753 171 193
443 976
7529 3675 1055 6 6 1186 4
74 356 2858 1287 99
143 366 457
14 246 1047
78 398 828 22
