1774 154 160 63 13 22 7 100 12
27 15 85
12 57 9 549
12
8
16 69 47 6 362 50
622
110
123 7 257
12
173 99 13 229 5
36
20
12
64 161 1
12
36
12
97 109
44 31
1230
57 40 304 455 6 41 157 6 1 59 152 92 79 35 30 71 17
144 29 1 13 18
23 51 5 34 5 58 5 322
167
81 45 4 163
1467
12
12
146
6 115 126 13 473 78 4 66 79 55 6 92 45 51 5 25 124
6 206 10 500 52
507 210
21 183 149 13
16
45 29 1468 28 35 12
12
97 109
68
61 118
21
90 4 170 35
21 44 44 17 7 1332 781 78 4 27 46
97 109
167
7 478 58 270 80 90 307 126 13 9 76
30 31
12
12
12
26
61 118
68
12 44 227 44 31
6 11
36
96
40 135 5 60 54 1
12
4 11 15 6 77 135 5 675 195
6 34 10 1 23 306 585 5 1 84 47 6 67 9
30 31
426 4
288 342
55
244 195 393 112 112 45 4 863 7 1015 79 40 51 5 65 15 66
12
8 37 128 70 10 1 28
12
12 21 68
12
4 11
97 109
96
31
167
96
16
12
96
68
6 24 596 1523
118
118
21 21 128 202 5 15 37
12
12
12
123 7 284 291 17 1 18 251
26
16
8 23 144 9 23 23 33 222 4
125 1117
49 171 4 71 135 5 7 14 31 172 15 10 120 256 223 190
68
26
110
12
455 543 213
153
167
6 137 11
6 115 34 6 36 155 174 72 390
455
12 426 4
356 356 455 12
16
16
23 384
44 40 39 27 59 98
21 184 16
6 116 6 99 421 1 50 235 9 8 4 41
110
125 1117
44 31 8
31
1 378
8 49 24 11 29 141 39 65 4 30 27 22
6 151 24 89 23 523 27 32 272 1 12 6 86
21 74 697 5 1 18 33 76 14 7 1
12
21 9 13 67 7 209 85
918
12 6 20
336 336 1 1
45 29 52 35
73 16 47 4 151 122 5 62 5 83
12 65 15 34 7 291
12 128 165
45 7 177 110
110 82 117 4 31 85
58 212
12
114
195 8 10 427 450 435 458 14 7 323 1 44 7 103 72 34 4
36 88 22 7 693 42 42 110 1
23 222 4 30 31 37
12 21 624 4 28
25 4 34 10 1541 72 10
8 125 1507
112 18 49 99
12
20
58 212 216
31
12
36
59 1201 245 18 1
167
4 11
32 18 216 5 291 42 15 44 227
12 55 23 168
12 65 15 184 4
627
31
8 32 18 14 7 1 9 6 241
97 109
91 12 31 12 7 1939
146
483
7 215
97 109
12
30 31 21 25 4 11
31
12 37 4 137 48 60 5 160 54 698
26
12
20
96
26 21 69 9 44 7 248 42 16
167 356
61 118
1654
31
173
57 1078 175
436 395
110
96
12
118
72 10 791 14 1
26
12 4 250
21
329
123 7 257 52 35
38 4 11 131 131 53 46 8 74 38 4 11 57 40 36 155
110 275
55 76 547 779 20
96
1
223 1196
21
28 35
12
31
21 6 33 6 53 10 16 6 34 5 66 27 4 232 6 89 77
12 32 18 4 30 1 50
30 31
12
64 161 1
96
167
8 74 337 25
61 118
96
12
96
99 24 219 63 15
31
26
23 222 4 23 409 104
12
12
12
389
20 45 4 302 50 669 539 235 1 1636 68
12
6 87 6 230
12
12 55 4 273 64 10 1290 14 266
154 21 43 144 4 11 23 144 4 45
12
12 55 19 41 19 25 13
7 1 50 7 117 4
26
21 44 6 6 439 42 4
31
36 19 86
12
55
12
96
20 63 16
6 89 4 89 9 4 4 11
21 119 15 10 117 72 55 11 44 40 7 513 44
12
167
21 69
12 21 9 67 22 7 279 1 142
12
16
12
167 26 6 162 9 4 230 5 62 5 4
96
20 225 206
12 21 23 51 5 58 5 401 226 37 31
96
167
379 39 27 145
96
96
26
12 19 57 1 1
26
31
6 188 27 28 14 83
19 45 22 37
82 27 52 316 4 69 60 4 11 88 7 103 72
1420 44 46
12 394 7 291
26 7 535
26 12 16 65 15 184 82 186 27 85 17 539 539 243 99
918
12
12
123 185 145 173
21 74 697 9 129 10 187 14 130 136 45 29 69
16
12
1467 336
12
12 47 6 53 1 50
38 4 11 88 40 36 155 1 105 34 127 8 82 1107 4 1 78
16
36
4 11
8 6 116 4 55 143 925
118
125 772 110 74 697 13 5 15
12
20 25 4 106 64 9
12
12
12
91 12
12
97 109
118
69 35 71 1 5 43 503 4 11
12
12
36
31
280 55 26
26
23 409
36
21 6 1553 49 1 15
29 27 7 1 17 35 37 131 127 135 5 27 550 28
482 59 207
45 4 1570 32 79
29 263 34 56
6 30 31 12 202
12
329
96
167
4 11 20 19 41 25
1230
8 7 1551 31 129 10 93 22 4 11
12
4 11 7 1 14 1 7 1 1 285 35 18 33 18 22 7 150
975 1809
36
12
7 446 50 15 1 909 1 52
20 25 4 89 163 18 1 57 7
359 5 121
36
426 4 164
12
36
20
49 87 114 127 142
536
1805
21
5 1330 130 1
96
12
36 443 20 25 29
389 6
167
12
1407
97 109
123 9 648 163 52 5 108 8 4 11 5 65 15 1 124 5 4
26
96
12
336 336
12
21 82 34 15 5 345 4 47 47 144 173 45 51 10 117 28
4 53 83
45 28 35 474
407
97 109
12 8 8 4 53 56
38 123 51 22
77 12 47 6 24 286 52 131 127 135 5
7 1729 8 1576 8 87 13 67 30 7 1 9 86 43 47 234 70
96
806
81 4 163
205
167
20
21
12
49 171 5 58 27 56
96
12 38
23 39 34 10 1 38 47 4 67 168 240 7 1677 6 87 57 199
121
12 7 804 18 1 507 30 7 98 9 31 12 101 226 8 74 6
110
61 118
21 20 25 29 73 7 248
12
68
97 109
26 21 40 17 598 6 242
233
12 1220
165
118
31
6 115 414 322
97 109
33 10 120 720
97 109
16
1 567 92 10 1 72 255 1
21 95 315 4 25 181
12
6 846 10 169 98 346 8 10 339 66 52 8 74 6 260 127 46
26
29 45 51 5 157 15
36
12
12 126 144 4 1 74 82 62 5 4 317 262 522 8 33 27 56
74 20
389 49 87 4 962 42 7 290 125 135 35 42 90 546
1946
12
20
21
77 1065 22 9
628 1644 15
26
12
61 118
26
4 11 81 6 242 94 13 38
110
50 20
1155
4 117 85 46 44 10 120 256 44 30 1 247 190
80 30 9 9 274 19 34 1135 891 279 1228 1971 7 1056
12 26 275
12 32 18 7 1515 207 190 9 9 19 565 19 396 159 19 116 304
36 40 151
36
12
12
12
19 45 29 342
68
12
12
26 55 381
26 6 106 173 229 5 62 5 4 90 90 90 342 5 10 374 18
82 592 50 13
572 328 111 161 403 78 227
4 1158
49 87 61 521 307 281 530 7 294 8 36 1358 429 103 5 34 5
118
23 79 46 118
96
65 15 27
110
12
68
23 10 21 200 10 174
12 7 512 103 22 7 722 295 636 18 7 1515 207 44 1320 108 66
482 9
96
19 45 147 5 27 13 32 76 93 6 11 32 18 20 29 45 23
61 118
12
16
26 44 510
47 75 335 46 82 321 7 215 8 27 13 17 1
114 4
12
12 286 22 10 174 656
1 47 4 67 9
16
21 66 22 19 45
690
97 109
146
165
12 77 51 5 126 108 10 117 1
165
26
96
26
118
12
167
121
129 36 184 83 47 29 54 177 29 475 18 10 155 98
16
21
12
275
20 66 85
12
21 58 465
944
118
6 115 157 4 67 377 78 4 71 1245
146
36 140 10 1 313 620
1
12
61 118
26
12
26
12 200 10 287
12
19 86
12
6 89 4 89 9 77 51 5 25
38 47 4 41 6 362 50 56
94 49
110
44 10 264 282
131 140 59 474 22 59 1198
96
96
8 74 84 65 15 126 15 16 8 60 5 149 22 130 1 8 6
336 336 1 66 8 644 5 471
12
656
21
4 11
31
233
12
12
12
10 1
12 16 65 15 65 15 99 9
21 71 420 4 112 7 574 92 26
12
13 86 43 1 22 128 46 6 67 51 5 145 314 33 76 155
96
128 20 45 4 753 63
12
97 109
7 478 1 119 314 8 9 78 4 1149 60 177
12
7 516 8 237
12 119 15 10 117 72 82 43 206 133 9 167
12
20
16
97 109
12
61 118
146
12 7 254 295 919
26
8 1
7 291 12 77 9 6 141 51 5 65 4 11 124 80 195 393
21 88 40 1 20 197 14 47 6 69 124 86 126 92 168 17 322
6 48 5 479 5 205 32 18 455
44 10 264 282
90 110
96
12
12
96
482 9
12 32 18 7 1515 207 190 9 7 92 9 285 17 540
21
37 25 4 48 15 5 594 82 62 5 859 16 12 20 94 4 99
407
12
6 34
12
32 18 455 288 32
8 44 227
81 25 6 33 116 83
12
77 7 16 1 52 7 76 52 35 37
16 114
112 29 58 80
131 127 135 5 49 44 958 148 148 7 1
36
46
131 134 10 1 23 33 123 56 22 7 150 37
8
407
537
118 72 415 60 85 17 10 256 435 51 395
71 147 5 62 63 199 1041 1261 1 1 10 1
31
12
1231
244 313 620 38 6 86 6 53 30 6 206 13
81 66
26
4 11 6 48
167
6 11
29 796 10 324 142
12
96
12
12 8
6 69
36
123 180 254 245
44 31
44 56 7 103 4 24 1 40 564 47 29 27 60 6 11 55 7
351 28
1
96
91
91 29 170 262
26
26 4 11 4 71 147 5 149 42 13 8 62 5 15 20 94 4
167
96
16
12
4 11
37 20 25 6 11 101 156 163 84 64 29 1 168 28 14 1
1
395
356 356 356 356 455
64 161 1
26
19 1 429 531 1 6 67 40 232 1 232 1 28 14 20 4 208
12
45 4 12
12 23 1 1 8 1 50 10 92 1 9 6 33 276 10 16
6 653
426 4 12
68 6 162 9
26
21
91 26
68
81 25 4 89
36
12
96
12
16
96
118
12 55 199 229 5 34 7 1833 72 10 1 823
97 109
436 395 41 4 107 609 13 37
68 16
12
8
165 16
7 1 9
12
12 65 15 69
12
12
6 6 6 183 58
67 648 123 51 22
21
36
96 418
6 477 5
26
26
12
26
118
41 6 241 51 5 65 4 89 63 13
26
244 76 172 22
264 282 27 13 8 44 7 201 103 42 1846 1 1663 9 55 64 6
21
31
96
16
26 26
675 195
123 16 615
31 68
6 116 4
68
31
7 198 607 7 1372
12
167
96
12 12 21 44 78 4 87 8 8 6 115 160 29 184 15
114 18 7 1131
12 21 82 34 5 101 166 211 41 4 1 13 490 52
12
288 32
36 36
110
12
36 8 58 5 322
37 23 7 248 5 47 77 77 39 25
118
12 12
12 58 27 675 195
65 15 27 46 8 47 44 59 466
95 40
110
12 6 89 44 47 19 1 52 10 1888
918
96
21 183 183 69 29 29 188 73 15 7 248
12
12
31
94 49
96
1467 118
146
96
94 29 101 7 76 44 199 13 31 5 4 11 9 24 4 11 9
6 89 29 11 397 98
12 7 804 18 51 5 126 13 138 4 11 9
12
88
12
26 88 147 55 29 1 145 4 30 496 52 54 1 1 1129
4 48 5 675 195 22 82 34 5 34 636 91 269 6 48 4 302
628
48 15 5 172 22 9 142 110
15 314
1
31
96
1323
21 286 22 10 174 72 920 5 15 239 32 18 1 5 408 8 568
20 63 598
8 37 128 23 561 4 10 354 8 82 541 32 103 5 392 83 111
118
74 82 62 5 4 317 262 1151 19 127 41 27 7 228 5 39 117
628
96
12
21 44 510 26 17 36 185 583 17 9 31 37
44 13
31
23 51 5 252 193 28 58 62 5 56 190 5 721
118
12 60 45 4 51 5 200 10 174 1335 91 633 6
61 118
275 275
12
7 1 103 18 702
12
21
26
12
26
1078
336 336
172 22 172 22 10 174
4 11 7 635
12
61 118
1527
20
12
6 904
173 20
633
68 10 283 187
96
570
110
275 275
12 45 4 170 1208
12
118
216 5 471 892
1
26
97 109
12
38 49 315 11 181
44 9 4 1 41 19 27 28 14 7 215 7 1405
36 36
593 70 169 70 49 910 70 234 70 19 115 69 59 120 245 90 7
12
7 207 4 53 809 44 56 68 33 10 174
26
6 230 4 11 9 13 672 64 10 93 64 5 62 5 56 8 6
12
12
30 31
12
20 41 6
96
9 4 11 4 273 1098 161 428 8 10 427
628
167
20
33 16
97 109
96
55 47 29 29 281 1069
378 20 18 32
429 70 234 70 6 160 4
167 167
167
227
118 68
12
21 95 105 6
12
6 241 81 67 7 375 1957 9 18 9 498 50 7 93 8 16 175
16 288 342 142 45 4 163
12
36 36 36 6 33
32 18 455 12 200 76 1054 8 74 20
1467
12 543
6 69
36 33 197 14 872 45 20
12
167
1
373 16 730
110
12
12 77 31 4 452 54 207 8 27 4 64 13
12
116 4 330 244 406
97 109
887 6 34 206 155
26
167
12
167
12 23 168 17
173
110 12 90 1 22 7 215 833 1 18 1040
12 55 19 34 10 583 8 10 427 8 8 8 4 41 73 83 7
36
26
68
12 20 45 4 163 22 7 861 8 930 50 10 120 296 6 172 1673
12
36
32 129 36 12
96 49 116 15
6 87 4 11 65 15 36 6 362 50
12
21 25 4 48 5 62 5 60 175
16
12 225 53 7 177 22 7 693 8 274
33 40 286 22 10 174
26
20
118
26
40 135 5 60
16
36 29 511 15
418
12 23 39 465 7 1193 1
12 18 7 272 206
165
12
12 123 51 22
12
96
593 70
94 6 508 16
21
226 308 1252
90 163 84 4 11 83
4 11 5 19 41 62 63 13 28 7 100 156 51 148 8 14 7
12
111 10 120 256 14 22 10 1
216 5 471 892 6 208 6 117 4
58 212
12
97 109
8 74
96
114 45 4 33
99 16 19 27 14 13 10 187
68
426 4
12
7 283 1 1 23 10 104
26
21
24 580 5 15 68
96
12
172 22 10 1054 271 140 16 22 46
12
36
8 6 75 801 83 9
56 1717
167
426 4 1078
12
1 912 50 1958
389 58 212
91 12 41 19 11 95 45 29 575 74 20
61 118
36
9 689 1640 14 566
118
407
12
31
20
21 4 260 127 42 13
167
30 31
26 21 6 402 10 1844 6 332 4 94 4 117 15 10 150 225
128 455
49 511 79 46 9 4 795 87 10 352 14 70 19 41 6 62 5
96
16
12 21 44 13 190
55 88 168 37 30 37
128 455
16 114 418
12
12
44 20 6 362 83
7 98
36
851 1 36 193 822
32 1
12
26
21 44 510 26
167
36
46
31
173
110 37 20
26
12
12
12
37 21 312
68 280 80 30 7 1 29 338 7 1
26
21 47 6 27 42 83 6 122 5 126 144 744
96
12 4 11
12
44 112 19 41 4 75 11 6 11
20 54 1272 73 289 9 128 69 47 49 86 43 36 1219 72
570
12
21
12
26
36 49 87 40 18 174 164
12
34 160
12
97 109
96
20
12
570
146
12
482 9
12
12
12
12
96
20
26
330
144 34 132 654 22 9
1829 640 1 14 1 22 7 150
110
12
110 38 6 107 6 34 138 177 17 35 12
26 6 34 1128 56 726 6 683 5 58 5 322
30 31
12
16
30 31
12 37 54 16 9 18 232 538
12
12
20
12
31
57 33
288 32
12
21 21
68 121
118
12 6 341 4 341 4 577 76 14 456
16 35
8 74 82 117 15 85 31
16 18 61 611 8 1192 237
96
96
97 109
96
12 123 51 22
21 6 116 6 27 10 93 46 9 229 5 62 5 4 1 1 265
336 336 16 1 10 1 14 10 1 1
68 26 6 11
97 109
12
123 52 22 7 150 1189 63 185 1842 42 1 22 9 313 620
16
29 48 15 5 27 148
1
12
30 31
95
61 118
71 12
23 222 4
12
1
55 54 1 66 1
16 167
426 4 356
12
9
12
167
36 38 59 207 31 12
20
167
12
26
32 18 455 12 172 22 21 1 50 130 138 17 1 1 1
16
96
120 720 250 103 47 49 67 51 5 99 8 90 51 5 69 47 4
8 6 6 69
22 15 165 93
19 45 147 5 27 83 5 27 1
12 32 18 7 1515 207 190 9 59 272 103 9 4 11 36 23 33
44 31
97 109
23 168
12
375 1 936
12
12 21 4 4 44 31
151
266
128 128 129 195 104 1 8 1930 4 8 108 134 5 43
336 336 61 143 283 10 283 66 182
20
44 10 303 1505 834 94 4 333
31
482 23 17 54 1557
196 11 112 125 7 456 103 18 51 6 229 531 6 151 6 115 69
96
78 4 1011
26
68
97 109
12
173 18 51 5 27 10 279 548 326 32 46 49 140 7 177 479 28
32 18 455
29 305 34 281 561
41 27 7 363
12
44
91 110
146
36 129 10 1 1 10 1 23 538 5 69 139 239 17 32 5 8
36
21
627 627
288 32
75 883 34 1634 52
116 15 175 12 70 6 99 44 7 320 10 120 193 172 22 10 1
6 230
88 468 896
59 1
652 18
6 94
68
216 5 471 892
95
389
12
154
118
12
407
12
97 109
455
12
123 51 22 123 51 22 4 35
12 16
26
12
96
8 74 131 362 4
31
21 4 11
96
97 109
12
114
110 12 172 22 65 15 149 22 79 656 27 7 150 172 22
12
12
336 336 1 150 73 108 288 288 51 5 58 5 27 13 148 7 313
1324
16
45 4 135 5 15 44 33 60 5 452 1400 17 1 33 1 22 9
1
26
12 128 980 13 52 8 4 11 6 24 11 50 990 10 363 9 1
12
674 43 795
12
118
110
6 34 10 466 257 94 75 43 1007 35
54 54 770 1 208 417 214 13 541 9 79 270 7 215 8 41 157
6 6 134 10 542 6 48 5 1 17 839 6 134 5 69 614 14
96 82 27 31 46
61 118
123 7 257
12
12 16 1932 30 130 136
96
94 49 1784 42 13
167
114 15
110
628
20 18 13 35
167
91 12
644
12
118
110
36
12
26 32 18 16
21 74 697 64 6 99 7 434 1 18 306 114 23 144 16 1 23
12 202 5 15
287 1408
21 6 89 13 67 59 207 12 6 33 262 701 17 46 29 184 10
26
31
5 56
12
12 66 17
12
1
288 32 167
31 12 38 65 4 11
1
7 1433 295 138 183 25 13 358 4 11 123 51 22
30 31
12
38 19 24 11
167
4 94
12 426 4
12
117 15 85 17 434 210
78 78 208 6 117 4 11 38 6 122 5 62 5 56 37 376
55 4 11 4 58 52 8 1 79 72 55 22 78 4 99 34 6
74 491 913
36
26
12
110
12
832 87 49 67 51 5 65 4 62 5 56 68 4 87 44 20 23
792
26
36 7 1043
12 232 104
16
23 168 17 32 192 79 55 20
16 1023 55 64 6 87 6 67 1294 7 456 98 118
21 4 11 4 137 73 4 20
12
455
195
12 21 44 95 78 6 27 148 80 7 564
96
367 232 367
275
31
58 212
44 31
6 106 50 10 520
26
12
55 7 1020 8 180 1 8 7 770 9 29 87 9 38 6 140 7
6 115 25 124 31 37
59 733 221
131 680 79
26
82 62 5 56 194 68
8 131 127 135 5
32 1
12 4 117 13 12 45 4
200 10 174 988
7 193 45 168 37
21 9 6 1 20 45
118
12
44 448 8 6 641 55 13 67 456
264 282
455 91 384
336 336
57 55 381
12
54 309 4 200 10 174
395
21 74 697 23 612 52 8 1 17 7 1509 20 45 4 48
21
44 448
97 109
16
44 30 6 230 17 1 5 58
147
12 32 18 7 1515 207 190 74 71 40 323 408
12
12
36 127 561
96
84 6 27 17 59 930
49 122 10 256 435 51 5 25 31
8 74
266
161 428
19 86
6 1 22 16 4 268 253 43 348 5 261 15 175
6 67 1 22 7 320 8 9 71 111 180 1 1
201 101 60 10 1972 14 161 1 8 274
12 16
12 200 10 287
9 305
97 109
20
26
336 336
12 6 34 998 46 9 6 116 4
841 842
30 31
12
12 12
146
36
905
96
114 1 60 158 67 42 16
81 67 10 1682
6 11 9 38 19 34 7 177 124 42 60
97 109
96
125 1117 5 43 161 428
36 29 141 867 57 57 1 6 107 11 29 42 4
12
460 424
12
91 70 1 7 1 14 7 117 17 78 29 533 78 21 62 5 4
16
21
123 7 1 1100 46 1
8 29 151 134 102 879 1 130 323 1
1809 81 63 47 4 24 27 1 42 472 132 472 60
6 11
12
12
12
112 66 28 72 82 43 110
77 1 15 52 8 27 56 17 1
12 95 24 4 541 163 7 98
21 6 307 244 92 9 45 1
167
627
407
8 74 82 73 4 20
21 6 11
6 162
12
4 404 52 7 150
125 1155 40 168 46
12 12
6 24 11
537 13 1 60 52 35
8 454 71 1435
12
96 96
455 543 213 213
68
255 75 230
155 218 325 45 4 9
88 51 5 101 10 1130 1 5
90 12
96
84 1400 1511 493 13 67 9 50 10 648 129 124 5 223 967 17
12 47 4 134 7 193 4 122
38 42 4 115 6 115 27 85 42 189 1138
12 37 99 179 83 5 34 32 30 5 58 458 1
1039
118
41 4
336
12
6 230
96
12
26
12 21
96
64 161 1
36
12
16
12
6 116 4 9 1135 486
208 43 348 5 614 50 938
572 328 474 313
12
33 56 8 53 60
975 1809
12 19 86 203 28
12
96
12 543 455
112 67 49 111 494 914 8 153 13 33 200 10 120 1939
68
4 24 34 5 25
21 82 73 4 6 11
12
27 7 945 28 14 46 6 332 82 186
20
12
12 7 512 103 22 7 722 23 51 5 25 18 172 22 31 167
12 82 27 5
12 71 7 31 37
97 109
122 494 73 4 20
96
12
65 15 73 4 31 37 179 561 16
12
21 8 6 162
13 34 5 149 42 83 265 53 10 339 1 214
55 110 77 4 11 23 51 5 58 186 13 8 69
118
12 200 37 165 25 15 10 912 37
244 255 1930 297
21 12 37 130 198
37 1 607 7 1 14 158 1229 4 37 44 95 6 230
167
88 1055 28 46 150 42 15 30 130 235 9 125 22 7 1367
701
21 125 46
91 12
6 332 4 41
118
1
32 18 455
757 299
167
16 6 217 8 6 24 11 8 125 5 204 5 56
26
12 8 33 34 10 406 1 7 310 37
21
96
96
25 15 10 912
1
12
23 51 5 252
123 7 163 37
82 43 110 21
21
12
12 37
21 21 74 697 13
55 21 33 73 60 5 65 4 11 4 33 24 11 38 1 47 90
12
4 11
12
12 1
26
55 9 142 18 57 57 1
55 33 19 34 7 177 19 53 10 1696 247 70 1 7 267
12
12
17 749 1581
36
12 23 168 12
16
7 76 9 263
96 81 246 516 28 8 29 58 79 17 749 8 4 242 933 15 68
57 55 381 84
55 491 156 163 17 10 1232 82 420 4 58 5 598 6 122 5 27
12
12
96
118 26 25 29 11 124 124
81 25 4 34
1075
167
288 163 237
12 183 69 10 367 486
21
9 380
96 96
12
12
31
336 336 10 283 608 80 134 7 564 9 4 24 596
21
23 360 214 46 31 37 19 11 9 19 45 1 360 15 8 10 977
96
16 46
31
156 211
26
26
20 45 4 135 5 15
31
68
159
32 18 455 288 32
12 21
656
68 172 22 85
110 12 44 104
8 20 197 14 1
26 26 275
8 71 170 46 31 37
96
8 13 171 1224 59 605 43 51 5 34 102
4 115 34 56 51 22
16
288 32
97 109
91 19 37
96
12 7 320 291 75 67 51 5 65 4 62 5 56 194 68
21 49 714 12 714 64 90 151 52
15 8 47 90 250 5 66 52
1373
146
82 1175
1
4 1 216
110 74 21
26
96
12 6 53 17 10 768 1 965 8 82 1164 18 1 5 126 144 68
26
95 45 4 302 50 101 64 90 29 7 248 31
12 181 4 41 25
288 32
12 16
110
19 186 17 539 1029 539 279 4 162 9 76 9 493 143 309 18 17
76 14 7 1641
12
20
6 24 11 19 41 73 4 47 47 20 665 5 25 9 19 230 93
12
12
12 37 25 4 20 25 4 89 63 13
20 1425
97 109
12
31
12
12
12
146
26
16 13 67 9
167
336 336
55 4
675 1937 46
41 4 160 15 37
9
22 1
7 7 244
12
12
12
61 118
24 580 5 15 68
96
12 84 23 23 33 76 150 46
31
114
628
26
97 109 21
21 12 16 44 20 6 86 126 13 454 108
96 1 36 308 49 229 5
36
1373
6 11 9
12
12
12
61 118
628
96
13 440 108 102 702 157 4 67 1 5 7 7 7 7 1
146
13 470 31
36 23 40
12
16
91 33 98
20 4 106 1407
91 93
23 6 151 141 657 63
1975
12 1220
167
12
12
26
12 32 18 7 1515 207 190 9 388 90 90 51 5 186 5 157 4
36 7 868 793 10 100 57 1
364 16
407
695 314
65 15 73 4 124 1 15 6 107 43 1 23 40 46
1
95
1
12
21 200 100 52 22 7 693 50 10 187
36
33 10 174 271
36 36
12
12
31
330
12
6 33 230
12
12
407
96 6 241
10 352
110
110
73 15 73 15 20
112 29 80 37
26 45 1 47 32 290 6 34 5
30 31
6 341 4 232 213
167
26
21
12
12
8 47 4 41 58 1028
16
44 510 38 37 82 27 10 193 4 11 9 93 64 49 67 7 76
12 4 11
628
26
6 241
21
216
1527
16
96
12
8 4 115 25 9
26
68
12
21
16
6 332 12
82 43 1 79 7 1 8 1 7 16 823
12
30 31
29 45 29 546
16
61 118
96
628
26 7 535
26
167
288 237
96 6 241 6 241
12
336
12
12
199 145
26
226 502 15 124 67 196 90 51 5 149 74 8 117 4 85 64 9
12 4 162
96
93 23 51 5 65 60 140 56 52 46
12
12 6 48 5 16 38 19 11 19 67 147 1 69 19 19 107 145
12
44 31
96
12
336 21 36
12 329
55 74
49 87 9 49 470 12 8 10 1015
12
572 328 474
12 44
110
96
97 109
12
12 37 442 78 32 18 50 7 152 23 85
570
570
96
38 23 168 14 6 280 399 362 4 5 65 15 11
12
26
167
12
146
96
37 200 10 174
31
12 13 18 1360 1 33 10 120 489 444 1647 13
1
12
20
37 200 10 174
12
7 535 9 79 5 143 1162
4 11
44 448 26
407
167
288 145 173 51
96 6 241
12
97 109
4 11 6 11
16
12
12
12
12
12
1
5 124 31 37
167
10 283 187
167 205
97 109
8 1230
26
55 44 227 44 7 1925 257
9 67 9 87 9 38 15
12
104
12 128 980 13 8 184 83
167
30 31
26
70 234 70 19 27 13 22
31
407 16
216 5 471 892
23 51 5 252 60 85
36
839 1433
8 23 1135 891 279 1228 45 4 28 1 1 13 209 4 41 273 9
1220 47 92 9 1 55 77 33 40
806
110
68
12
6 162
1118 1
216 5 471 892
12 4 30 27 22
12
96
26
6 115 149 9 574 68
96
543 455 158 1229 4
96
12
44 76 14 7 1641
21 4 11 129 10 93 6 137 46 9 6 87 236 34 64 219 111
167
22 10 174 16 12
31
167
12 112 67 7 744
36 836 79
118
94 4 119 15 10 655
12
460 424
811
81 25 4 273 64 6 99 84 57 40 257 72 10 722
36 4 137 34 5 333 4 89 63 9 36 57 196 173 229 5 73
21 13 307 101 10 820
12
112 18 49 12
110
12
12
12 82 186
96
26
16
23 168 8 81 68 919
8
40 1201 5
104 104
13 714 64 20
110 57 16 549 13 52 35
29 208 186
449
30 31
6 141
45 59 207 12 200 16
20
20
312 4 882 33 140 13 22 7 1456 1
1550
4 11 9
31
18 7 1 132 223 8 4 230 17 7 1745
12
36
118 20
97 109
73 16 47 129 10 187 14 1211
4 11
68
12
44 40 54 1357 57 381 57 238 6 6 115 6 115 27 64 5 11
7 487 971
36 33 15 8 56
12
424
21 6 11 9 986 281 986 281 7 1547 1648 8 21 21 686 74 41
12
23 51 5 252 82 186
6 87
12 275
110
97 109
6 34 1310 517 31
12
816
59 1201 245 18
68
336 336 198 134 1123 17 8 37 75 67 46 17 33 10 174
146
97 109
55 239 75 1 52 35 191 10
12 6 34 998 46 49 33 55 351
57 40 16 1357 376 236 34 5 281 561 12
4 11 29 585 5 4
96
61 118
61 61 20 20 340 93
19 45 28 31 37
26 88 22 180 100
8 55 29 24 243 118 144
12
49 33
12
167
36
17 152 526 88 88 40 39 172 5 25 55
31
45 16
12 13 672 802 223 6 24 11 23 168
12
110
4 41 27 15 22 13
31
21
12
31
175
146
288 535
36
1324
6 11
167
570
29 11 13 116 15 7 8 20 87 7 152 703 99 56 1 1 19
12
84 7 512 445 1075 17 629
182 7 1
12 32 18 76 16
20
12
12
792 792 4 11 25 112 76
12 12 21 65 15 465 46 172 22 50 10 287 271
26
61 118
125 1117
91 12
80 7 1 600
757 299
6 11
12
12 394 18 455
12
31
9 129 10 1 1 41 4
114
20 25 4 48 15 5 252 349 85 72 1569 15 10 295 76 100
275 275
12 4 39 286 1793 651 7 215 8 16 45 29 1 78 1498 4 1
8 19 24 88 40 36 155 561
529 359 5 640
37
30 31 21
21 27 28 14 35 125 147 108 5 25
96
1
12
91 49 94
16
12 123 51 22
97 109
96 73 60 63 20 31 37
684
90 90 168 209 15
4 11 6 24 48 5 25 9
4 11
1 512 820
19 86
16
167
31
8 8 4 11
8 119 22 67 7 104
30 31
12
20 25 4 107 25
167
26
418
264 282 99 196 23 135 63 130 1 6 116 56
96
12 33 1
29 242 27 145
12
44 20 4 48 60 5 184 4 12 9 29 11 6 33 371 9 67
8 90 158 430 49
355
12
90 40 40 151 225 53 10 1 8 44 59 608 44 20 19 230 675
12
56 1717
159
26
1
336 336
94 4 122 76 103
12 77 342 37 33 286 22 33 10 287
36 77 40
21
26
491 13 51
30 31
7 192
167
21 47 19 39 149 42 83
23 342 5 59 309
271
114
55 4
91 12 587
36 49 305 592 718
31
407
96
21 128 153 13 171 112 57 16 131 127 135 5
96
12 12 21 128 127 35 6 24 131 127 147 5 89 14 102 14 13
792 792 4 11 57 10 187
236 64 5 197 14 494 168
26
96
115 75 43 17 7 406
26
726 6 470 224 112 57 15 8 1
12
12
57 12
96
275
118
91 93
1 15 254 1037
701
167
49 87 434 210 5 43 237 1081 118
97 109
12
26
21 6 1553 4 1624 258
41 6 1 8 30 7 437 9 1 15 8 6 134 5 569 8 6
12
6 11 123 56 245 175
12 12 21 104
97 109
12 30 31 654 22 7 368 14 7 103 72
8 57 10 1 103 38
564 8 1256 66 85 8 27 7 363 38 292 103
31
12 16
12
91 12 200 10 296 78 23 51 5 34 138 412 8 15 5 73 15
627
96
12 131 127 135 5 4
4 11
12
91 133 7 100 52 46 37
226 502 15 28 14 35
12
167
12 71 199 185 1566 93 32 18 51 5 128 28
1974
684 5 359 1509 46 61 8 74 78 77 817 607 76 14 60 1 1
97 109
36
68
95 850
90 40 46 31 37
97 109
165
21
21 165 89 14 93
61 118
97 109
21 6 106
6 94
71 46
6 263 116 60 1 55 55 306 28
21
7 1 103 18 702
7 20 37
88 51 5 126 7 138 14 60
414 133 76
36
21
12
111 112
26 44 13 18
49 87 9 4 11 4 30 262
96
45 29 387 37
12
84 6
12
26
6 94 58 590 147 5 62 5 56 194 8 6 41 11 12 13 672
12
29 24 27 7 292 1 80 7 215 7 626 72 390 45 4 135 63
29 64 5 69 7 215 18 432
12 183 27 13 64 8 6 87 8 55 23 168 317 64 6 99 47
227
21 4 34 138 1652 730 27 166 51 85 270 474
20
905 1
16
12 183 25 7 177 250
12 32 18 16 288 32 167
336 336
96
146
97 109
233
96
233
118
26
123 7 1 1100 46 1
12
33 32 1
6 33 230
7 192
16 12 12 44 30 78 251
167 356
84 6 115 179 4 182
841 842
12
123 9 648 163
460 424
16
12 7 152 1067 45 12 90 342
167
61 118
12
12 37 32 18 23 370 46 342 23 51 258 82 27
78 4 71 135
91 93
389 6 493
12
12
6 67 40 17 9 629 37
12
12
6 33 37 87 9
12 20 25 4 48 5 62 10 120 256
12 21
12
110
12 65 15 11 330 20 25 4 106 50 20 5 238 32 376 118 21
31 37
21 20 211 316 6 440 52 74 35 6 116 56 1 59 1 1 113
26 19 41 27 57 199 30 9 129 10 187 14 92 51 214 8 82
15
1797
12 12
12
12 82 117 4 30 134 10 136 80 521
12 19 45 12 76 14 7 1963 9 9 4 11 19 115 203 4 207
12 44 155 1
7 20 37
146
110
12
12
690
6 24 11 33 335
12 275
21 88 40
38 1
21 6 69
12 21 34 597 1
1075
264 282 119 15 85 4 11 6 11
12
160 108 22 1
44 20 5 99 1929 59 270 12 82 43 209 4 11 19 126 10 485
96
12
26
21 117 7 354
6
21 69 44 40 7 513 44 7 248
16
330
12 121
4 45 51 17 31
9 67 10 1
96
20
21
12 94 4 1164
96
12
12
8 314
12
21 4 268 116 60 6 653 20 6 116
12
96
656
1
68
12
167
12
19 45 30 1507 50 4 4 11
167
12
121
36
1
12 78 4 99
8 4 11
97 109
97 109
36 56 110 147 5 27 15 7 1283 14 9 325 17 7 1855 85 78
96
97 109
45 4 12
36
407
12
91 88 7 31
21
16
19 45 746 9 68 149 1 120 458 14 46 8 70 234 70 6 27
30 31 37
26
12 53 4
7 76 9 31
21
12
96
1978
21 19 53 10 1705 1891 369 16 686 1
20
167
81 66 4 11 280 80 1
29 170 53 1 8 92 29 34 56 8 6 48 5 149 42 83 17
12
12
12
167
110
21 4 11 19 263 34 29 266 280 670 143 207 18 35 167
96
12 16
12
97 109
110
12
29 45 7 445 9 141 387 215 79 6 206 9
96
26
4 332 57
63
12
96
37 78 4 99
26
1075
97 109
21 44 54 1 7 945 17 9 88 1 10 1 23 51 5 697 6
45 214 7 759 4 11
36
96
55 6 34 5 25 18 5 69 5 10 176 28 14 1 1
1324
41 186
21 44 104 1 1
81 213 20 191 127 46
73 60 73 4 55 47 6 99 4 273 9 44 7 7 103 18 79
288 32
20 25 4 48 5 62 63 46
30 31
57 51 5 65 15 58
33 119 4
12
21
82 43 85 17 884 42 4 12
6 11
6 86
1
6 162
128 455 24 16 363
26
96
12 6 341 4 610
44 20 19 27 161 1309 19
26
336 336
44 448
36
96 24 34 10 150 8 74 82 24 58 240 1 29 91 49 123 51
36
30 31
128 128 129 55 367 9 19 45 16
12
80 7 1 600 21 6 329
44 51 5 58 28 8 8 66 46
460 424
12
41 4
4 332
95
255 315 315 436 16 34 132 408 6 11
12
29 260 402 20 265 87
96
1
144
61 118
21 6 127 656 5 58 79 7 1436 8 69 112 6 58
146
30 31
570
12
13 1036 64 10 584 72 94
110
77 144
68 12 8 23 10 120
12 90 302 22 4 30 980
61 118
44 31
19 53 10 21 200 10 174 88 88 12 19 62 63 32 185 660 210
26
65 15 27 85
16
12 455
12
12 82 43 85 17 884 42 7 1
167
31
12
35 430 213 98 52 84 66 17 84 71 39 1806 7 425 317 333 6
12
12 26 29 116 15 29 87 9 59 207 18 33 102 197 14 46 75
77 40 51 5 126 15 238 13 78 12 64 6 99 54 158 8 6
44 1048 216
12
12
12
12
16 95 84 19 41 25 4 11 7 671
275
31
21
36 152 1240 1415 31
12
118
12
12
26
6 89 29 41 27 37 567 14 226 50 10 174
90 12 6 64 5 11 55 179 561 50 56 5 479
12
326 12
97 109
21
16
13 470 31
118
1324
12
29 25 537 29 94
378
12 1220
12
26
6 24 11 599 88 22 7 100 85 46
21
36
12
1
12
75 25 9
167
68
1805
21 23 51 5
12
12
97 109 97 109
12
12
16
42 10 745 1
16
96
8 325 17 1
68 286 914 8 82 119 4 31 37
26
12
167
12
44 31
61 118
110 1 4 53 15 98 4 11 4 33 858 133 15 172 22 65 15
91 4 11
12
4 260 127 46 5 62 5 4
20 1 71 51 5 25
96 9 18 330 112 4 48 60
12
12 1220
167
21 44 7 283 103
68
110
12
275 275
26 6 11
8 49 67 222 4 125 147 5 27 136 297
12 95 40
389 12 82 27 83 5 181 79 10 1456 1 35 195 8 1 4 279
146
74 82 62 5 4 17 10 120 256
16
36 29 139 253 90 17 35 8 71 40 1786 80 4 358
12
4 24 808 118
31
47 268 25 6 116 304 6 87 34 5 5 326 143 698 63 37
216 5 471 892
31 12 172 22 129 113 175 112 49 488 240 13 12
84
535
77 222 15
16
1
167
75 141 51 5 101 88 51 214 42 10 187 14 522 358 240 9 45
78 27 250
12 21 73 15 20 29 71 135 5 675 195 44 1 1
12
12 19 53 132 155 56 142 246 1 6 34 5 1 37 10 174 164
1
40 15 21 77 18 18 156 211
12 13 672 802 223 6 141 39 179 56 525
96
146
37 78 4 71 135 5 15 44 10 1 1 263
36 6 11
167
8 125 53 893
12
12 73 15 114 16
68
26
336 336
167
167
12
18 1 35
31
50 20
59 1 20 1482 6 631 13 25 4 8 4 11 47 19 41 4 75
4 11
12
4 11
336 336 6 53 76 14 4 46 17 7 1
12 185 1061 18 17 629
12
96
146
491 13 51
16
1 434 210 21 88 7 248 42 156 18 35 18 530 1 50 9 8
8 125 170 699 17 7 192
16
12
12
1821
9 6 67 46
6 241
20 511 32 22 1148 9 167
96
12
26
12
12
1 4 34 10 1541
349 33 32
81 25 4 273 37
90 12
167
97 109
12
96
12
20
65 15 479 5 16
110 13 18
6 11 4 585 5 15 23 409 14 10 272 57 12
31 12
12 12 43 7 1 77 10 1606 5 513 7 1065 635 84 4 11 1004
6 332
33 119 15 10 96
6 33 53 46 37
30 31
12
91 12 8 82
9 4 48 329
4 11 49 1 57 38 64 6 99 21 37 4 33 24 34 5 15
96
12
12
12
12 16
407
37
4 11 29 33 53 63 9
21 44 10 291
12 7 1 45 1417 5 149 25 4 27 37 84 23 22 733 1154 52
968 1432
20
167
12
110
68
20 94 4 845
12 12
32 18 455
55 37
97 109
12 12
97 109
114
31 23 147 5 27 156 5 58 1170 8 35 70 1944 70 7 804 113
12
12
460 424
96
146
68
31
1
12
4 41 16
1
13 141 21 30 7 456 103
81 25 4 273
12 21 49 87 90 53 581 17 13 12 44 20 90 163 84 90 163
1363
8 49 67 163 80 7 1379 37
22 9 313 620 175
167
69 112 88 80
118
16
12
12
570
20
61 118
82 1175
26
26
264 282
118
47 230 5 25 13
12 21 20 25 4 89 6 87
18 1 35
12 31
12 73 15 20 6 41 73 4 59 422 1
37 23 10 76 19 11 4 11 7 613 264 223 38 6 122 5 25
12 12
278 764 18 238 18 48 5 25
20 25 4 89 18 13
379 147 5 27 145 45 4
78 6 1966 6 1
12
841 842
200 10 287
12
473
10 187 14 130 136 4 11 8 20 4 99 57 7 735 277 77 1
6 341 4 232 213
12 21 12 76 152 500 9 77 51 5 43 1285 17 863 42
32 16
96
45 29 168
26
31
36 36
9 487 633
1564 40 51 5 10 1
16
12 26 275
110
4 11
6 86
26
12
12 16 24 580 5 15
12
12
26
21 45 4 144
26
12
6 94
12
110
21
12
61 118
1063
20
12
96
96
18 1 80 7 267 215 969
336 336
97 109
63
8 20 25 4 48
12 20 739 834 94 4 58 85 8 615
110 55 81 25 4 11 4 87 9
96
628
110
12
26
57 40 5 238 56 31
26
223 967 17 963 133 7 626
146
29 558 16
12
26 7 291 18 1 12
31
96
59 350 368
167
61 118
21
12
12 543
96
36 100
167
12
96 1095
12
389 19 160 4 1832 8 755 57 6 10 1 1
12
23 51 5 34 5 58 5 322
6 33 230
1
12 64 6 99 7 201 103
20
13 141 47 29 87 49 87 16 372 698 6 116 7 1484 22
33 172 13 8 73 60 40
16
36
1181 1181 60 54 466 165
6 465 56 397 325 17 729
275 275
32 18 455 288 32
12 16
8 4 11
91 26 12
21 6 33 116 4
61 118
75 67 199 250 74
68 40 423 5 11
16
233 656 290
31
91 26 26
96 35 30 41 157 15
12
26 6 34 1128 56 726 987 15 142 8 20 131 127 147 5 27 64
184 16 45 12
26
94 4 48 5 62 5 56
40 135 5 60 10 187
288 32
19 1 429 169 8 7 85 14 108 23 51 74
26 1 915 60
426 4 1078
144
44 31 5 65 4 66 52 35 104
26
66 52
17 7 140 7 193
44 31 44 102
12 543 455
1231
21 47 4 1150 5 25 62 5 15 10 120 256 98 74 82 117 4
30 31
96
1929 16
118
8 125 53 893
97 109
68
12
7 198 45 1534 60 31
367 232 367
20
96
26
21
26
12
12 285 38 252 10 193 52 35 22 7 152 368 18 1
12 21 104
31
21
159 59 425 89 125 125 360
110 26 19 162 63
96
482 9
31
96
12
12
25 4 48 13 8 1231
32 18 1 57 5 30 9 100
55 20 131 206 130 357 539 58 34 10 1024 557 64 6 116 15 10
12
30 31
12 49 431 15 49 67 49 1 22 143 1
12
12
59 1686 9 6 67 51 5 27 5 62 5 56 194 68 8 21 41
12
12
64 161 1
627
6 465 56 397 325 17 729
84 16 362 56 5
17 10 120
21 184 60
4 11
6 87 236 64 60
45 4 12
26
30 31 55 143 194
28 80 226
6 141 147 5 126 13 454 108
9 16 10 1 14 10 1 72 124 6 41 186
129 132 564 93 34 660 6 241 39 65 83
18 9 31
12
12
167
12
57 40 51 5 145 231 13 353 56 5 58 17 8 69
36
21 4 34 5 62 5 15 117 15 74 33 312 5 58 8 62 5
26
96
21
12
12
144 4 86
77 31
12
151
84 6 259 23 1 8 41 404 4 52 80 1291 1292
97 109
1
8 54 245 18 1 12
364
36 32 18 1 309 8
114
12 37 200 10 174 4 45 1155 40 1145 5 25 32
118
26 44 448 6 116 4 236 99 65 4 11 9 4 41 62 5 4
26
26
59 1
31
275
12 23 51 5 34 5 25 42 16 8 4 11 44 7 100 57 39
640 125 632
6 24 11
110
12
12 23 168
144 57 12
6 34 36 514
12 37 25 4 34 36 514 4 188 43 1 79
96
12
12
37 492 80 172 82 65 4 58
20
96
358 16 72 138
129 10 559 52 46 165
21 115 4 827 4 41 609 7 1278
68
118
151
12
12 23 168 12 104 50 4 41 6 62 5 15 4 33 134 13 297
167
146
6 11
70 17 7 1283 14 7 1436 1 37
73 60 5 886 7 1352 72 29 34 10 1 1
123 39 293 78 75 79
146
12
20 18 13 6 934 163
12
16
12
44 10 264 282
26
36 114 288 32
118
539 539
90 51 5 119 4 31 37 31 37
12 205 18 852 9 4 11
336 336
88 1
146
200 10 287 73 15 95
68
1
26 38 44
95 30 59 18 51 142 367
16
12 44 56 1609 245 16
29 126 10 604 82 73 4 9
20 63 598
12
23 168
97 109
26
12 6 634 13
12
36 29 305 34 10 1 1
38 25 4 64 5 11 9
8 6 89 57 1 1
97 109
31
167
26
26
96
424
167
195 622 20 340 6 115 151 238 231
36
26
12
32 18 455
12
1231
12
23 51 5 802 197 14 541 356 77 178 57 64 6 99 6 24
90 214 7 1 14 497 31 58 212
36
275
105 4 64 5 25
460
12 19 33 64 6 64 13 164
161 428
26
97 109
6 41 508 16
96
81 67 9 84 23 40 10 1 1 489 111 56
20
12 21 128 202 5 9 70 6 1 13 113 10 323 1 37 28
13 171 7 373 171 668 1 18 7 323 1 8 44 44 44 95 236
12
36 6 24
151
12
36 23 40
21
96 82 27 85 42 76
20 25 4 89
12
16 114
96
12
12
12
12
1
8 153
36
88 1 10 443 5 564 6 34 5 126 10 485
21 47 4 1 9 141 7 456 103
21 65 15 7 1 52
26 44 1482 23 863
18 403 410
16
61 118
12 394 7 291
96
97 109
165 4
6 141 728 28 14 32
21
12
49 87 4 11 306 1 8 47 29 48 5 126 7 1 14 7 1355
57 12
68
410
12 104
12
97 109
12 543
57 1078 175
12
627
31
97 109
31
12
61 118
45 29 17 625
12 45 4 51 5 200 8 159
12
4 11
27 390
336 336
44 20 4 168 17 46 30 307 126 159 58 258 23 59 422 1
223 967 17 963 133 7 626
36
12
26
96
26
155 218 325 45 4 144 1 180 1 75 67 503 4 11
96
36 9 1 120 458 14 13 18
12
96
44 227
110
12
91 26
12 23 384
12
12 123 51 22
421 53 5 11 9
4 11 81
12
31
6 11 23 1153 22 13
31 31
12
6 107 99 124 14 83
146
1974
97 109
1
44 1823 6 11
12
200 10 174
166 237 7
12
110
16
628 1644 15
36
21
1089 4 117 15 85 17 138
146
12 183 43 206 133 295
167
8 20 4 48
491 7 489 163 16
96
55 82 73 4 9 131 127 147 5 27 102 750
29 19 11 7 614 53 10 1
57 587 7 193 72 7 152 522 17 434 210 8 73 83 5 99 13
12 12 21 44 227
6 332 57 308 36 848 130 198 133 372 10 332 12
82 25
68
918
12
12
1101 410
68
110
12
12
12
7 487 971
26
4 137 721 156 11 13 50 7 98 38 38 173 1066 5 620 22 15
21 81 139 49 1 27 85 46 16
36 36
231 62 5 56 50 18 9 37 42 7 198 668 415 74 35 18 10
16
12
12
31
21
12
45 4 178 26
1 6 135 5
1
21
146
33 312 7 221
96
12
45 4 163
12 19 170 135 5 15 16 44 33 821
12
1
21 74 29 11 7 7 438 274 55 9 77 51 5 43 590 31 8
21 4 11 47 47 19 27 5 25 32 13 38 102 14 130 1 77
12
12
355
19 53 10 1705 1891 369 81 211 41 4 580 5 7 1 26
36 4 137 1 9 12
91 68 29 122 5 179 56 85 79
96
21
529 359 5 121
29 141 53 15 17 322 8
12
12 1 9 29 1594 5 88 40 222 10 92 49 96 80 983
12 275
97 109
167
78 78 208 6 117 4
8 1230 90
96
12
78
118
26
12
12
12 32 18 7 1515 207 190 8 69 29 545 613 613 1058 44 54 309
336 336
6 115 203 56 395
21
701
12
12
96 96
110
236 64 5 197 14 257 111 57
31
12
20
96
12
16
509 7 1 1 285 79 313 620
26
355
628
570
8 6 144 86 73 83 5 813 28 12
12
12
6 230
20
4 170 35
26
99 56
9 458 67
12
97 109
12 21 6 34 40 5 435 63 13 7 955 16 42 15 6 137 34
21
12 21 44 227 44 31
146
12
12 8 4 11 6 24 8 4 198 45 8 19 45 39 1 74 6
529 359 5 121
58 240 7 1055 348 46 8 128 37 23 51 5 1 28
5 59 1162 1
12
12
97 109
31
29 115 27 7 272 935 19 11 123 51 22 114 211 316 6 89 88
23 144 6 1168 9 4 11
30 31
1039
23 16
31
6 27 28 14 444 74
29 11 93
12 65 15 184 4 12
23 40 95 24 4 101 15 8 6 139 366 20 57 142
20 67 456
12
12 6 33 53 46
12 4 11
97 109 97 109
9 18 13 28
336 336 25 29 11 15 8 10 187 14 130 1 735 4 11 130 1
167
12
294 18 7 1 22 9 44 190 29 29 53 56
159
6 11 7 671 7 671 7 92 511 13 17 7 664 15
49 87 9 100
336 336 36
44 70 234 70 19 27 145 9 169 8 10 1 14 583 50 13 5
4 11 4 499 9 78 29 508 7 437 125 1260 5 58
96
96
123 51 22
96 6 241
36 36
6 34 10 1 23 306 585 5
19 71 441 10 381 98 1647 56 1 31 37
96
12
1231
26
12
96
97 109
12
49 488 662 1 8 6 41 6 115 326 6 69 18 49 147 5 1359
1
38 29 238 4 71 183 58 5 598
12 112 67 49 75 171 1224 1 180 1 38 6 119 314 9 4 89
96 356
8 186 27 1 232 104 453
31
1
7 1
112 67 1
99 13 175 4 73 15 9 4 11 4 273 1 7 1 42 7 1355
266
33 15 24 1169 15 8 27 22 7 150 8 200
96
4 11
12
19 107 11 50 74 6 41 6 305 122 231 6 53 124 16 52 35
12 45 4 144 4 11 19 30 6 208 11 130 1 34 223
61 118
12
96
12
165 16
394 124 6 67 1360 5 27 148 8 1 31 37 8 19 34 1531 947
32 18 193 29 58 79 17 749 8 29 883
125 1117
18 9 155 894 218 13
12 81 45 4 8 7 194 103 80 7 1379 77 1 5 15 4 11
12 82 117 9 1484
6 53 17 7 723
66 22 16
226 26
12 58 27 675 195
202
505 120 1230 115 62 55
12
26
146
26
12
21 81 213 255 49 116 15 29 1050 5 62 5 4 78 25 4 27
21 4 11 20 6 87 6 230 5 179 56
12
6 24 48 47 4 48 5 43 1 12
539 539
7 215 18 432
167
117 15 85 17 434 210 55
118
167
1757
68
123 7 1 1100 46 1
271
125 1117
40 251
165 25 15 10 912 37
68
64 20
12
81 246 486 5 185 380 243 35 142 7 567 5 9 100 82 27 947
97 109
167
97 109
26
44 95 6 230
12 88 1 342
16
126 144 29 623 13 79 7 461 6 116 304 190
12 23 51 5 126 132 117 22 7 1541 72 920 147 5 15 37 7
12 37
71 852 5 5 27 5 66 22 83 74 65 4 62 5 56 194 68
12
110
104
36
1
12 146
8 1230
6 141 51 5 73 83 79
96
142
118
21 140 403 410 22
18 75 1
64 161 1
12
9
91 12 104 200 10 174 86 4 11 9
90 12 37 7 1 18 185 823 17 7 292 98 19 107 62 5 56
78
81 6 242
12
96
30 31
12 19 172 22 32 63 4 137 281 31 52 22 7 368 26
21
12
45 29 546 6 87 124 1 18
7 478
12
97 109
128 455
37 4 65 4 11
12 32 18 20
16 114
110
97 109
267 85 368 159 397 368
110
6 280 399 362 50 32 8 47 90 62 5 56 8 74 6 61 224
407
133 226 76 14 226 44 49 44 12 49 87 40 95 105 95 105 4
1974
26
6 24 11
8 6 107 184 16 54 194 930 16
426 4
20
21
6 141 51 5 101 1
110
12
38
32 18 16 288 32
627
31 12
96 80 37
96
12
97 109
12
26
90 147 5 62 5 56
12
91 93
570
12
36 21 125 22 138 89 23
275
118
12
12
1335
1
26
95 24
49 18
31
16
30 31
118
12
12
6 230
26
96
68
12
12 77 1629
167
30 31
41 4 1 9
44 31
31 12
96
6 332 12
19 45 163 68
12
26
4 94 57 10 58 22 317
31
110
21
12 128 980 13 78 49 183 58 27 56
97 109
147 5 1820 15
12
382 190 254
12
12
12 32 18 16
12
1335
91 20 6 106 173 25
628
69 35 71
167
26
12
96
26
96
193 55
379 39 27 145
1075
16
23 1159 654
26
12
8 16 8 7 363
114 67 9
21 183 149 13 28
275
12
12
12
8 78 6 184 83
167
30 31
21 49 87 49 1498 83 28 7 474
97 109
44 13
26
26
36 40 251
36
31
165
57 64 6 436 611 247 4 585 5 4
12
26
12
12 4 170 35
91 23 990 10 485 500 49 1 38
12 426 4 164
21 16
20
12
12
434 235
31
96
21 21 57 15 8 89 63 20 87 54 295 5 744
47 4 48 76 103
12
4 11
97 109
1
41 186
44 448 49 372 51 6 6 34 206 83 119 56 10 117 22 8 137
19 19 25 35
6 371 29 1826 7 354
373 59 1 45 1 1 298
45 4 12
20
1118 1
110
59 354
12 183 43 639 336
21
118
31
26 21 4 41 609 9
12
12
12
8 19 139 27 7 150 224 8 1124 5 59 405
118
12
30 31
68
112 67 7 861
8 74 82 25 27 7 735 13 361 113 8 99 112 25 4 99 9
303 234 1658 148 13
12
167
12 12 21 202 5 4
7 152 1693 28
12
16
12
61 118
12
31 12
167 356 356 356
12
20
96
4 262 54 411
1633 4 454 613 282
1
12 1220
8 47 19 62 63 161 403
31
6 53 10 339 1 214 4 11 6 115 34
37
5 43
12
12
1975
146
570
280 55
91 12 45 29 51 5 252 15 50 13
91 12
16
12
96 38 4 11 20 57 1 6 440 76 14 59 207
36 445 1457 1
36
12
12 37 25 4 596 1 1555
61 118
370 17 7 664 85 498 385 689 15 149 221 32 274
12
275
330
460 424
44 1
12
96
6 11 344 75 24 11 124 63 329 16 8 173 27 32
110
26
12 21 146
12
36 29 11
96
26
9 197 14 10 629
16
31
31
28 14 7 100 29 116 15 10
12
31
36 6 33 631 1092 58 5 1 59 279 44 31 38 119 56 56 1717
1797
31
1259 4 99
12
12 968 1432 8 54 1148 223 967 24 43 843 6 480 27 79
36 40 251 183 183 183 183 65 56 262 56 8 8 4 242
12
26 21 16
12
12
4 223 238 13
96
128 32 18 173 93 237 50 159 112 45 4 11 6 25 5 34 5
12
104 104
1701
73 60 5 58 78 6 115 27 32 76
12
91 12 78 4 71 51 5 140 13 22 7 617 8 69 102 1
167
96
12 65 15 184 4 32 78 12
12
104 104
16 86 43 74
225 127 1 5 58 41 19 27 13 28 133 7 1571 712
12
74 204 7 150 8 252 7 588 1 8 13 171 668 43 1 8 214
12
96
8 6 86 126 15 513 9 8 84 14 4 11 76 14 7 500 9
12
12
12
16
118
31
71 51 5 318 13 133 7 92 8 6 67 147 5 27 5 66 22
91 543 12
96
96
12 78 75 18 6 33 53 46 32 1 29 39 34 13 111 7 1
96
26
110
12
1 118
21
12 6 65 4 62 5 56 190 5 1305 316 10 187
12
21 6 89 29 33 87 125 53 893 79 35
12
12
96
12
75 18
99 13 175
68
76 14 7 1641
20 511 32 22 317
167 205
58 212
44 10 1653
16
12
336 336 1 150
275
36
1407 18 206
26
12
20 63 47
61 118
61 118
6 24 11 6 24 326 6 34 5 385 113 46 8 55 9 141 6
96 128
285 111 112
12
33 37
110
12 12
628
12
12
90 12
12 471
96 641 5 43
32 18 455 288 32
12
21 44 510
31
84
36
118
4 11 4 25 13
31
114 288 32
69 20
426 4
29 201 119 15 258
57 196 302 22 9 67 59 207 190 4 1609 22 56 22 7 215 833
6 67 419 5 1 148 95 78 4 475 7 1494 58 1107
96 96
68
329
12
12
44 31 129 10 257 42 4 72 84 57
118
12
627
7 7 244
97 109
118
12
12 7 1939 18 51 5 157 15 349
33 231
6 24 11
26
12
96
91 6 230 5 25
12
137 16
146
78 12 65 15 71 170 17 7 1541 14 7 1 1 56 676 45 7
36 57 1
26
12
8 55 6 139 34 616 56 17 85 42 15 30 130 136
6 151 6 127 1153
21 29 87 4 230 347
155 218 325 45 4 144 45 29 45 4 163 1089 4 48
44 38 49 1702 34 132 466 444 45 45 29 1662
12
16
300 18 294 8 1
114
1
21 29 41 25 13 70 6 27
41 4
118
21 4 11 13 47 4 41 273 7 267 215 18 7 1 214 46 492
96
38 17 7 1025 147 34 5 27 31 74
21
26
1
30 31 37
20 55 1077
110
8 74 21 43 483 19 585 44 20 71 71 147 5 27 47 4 11
12
12
12
47 6 27 85 22 310 22 161 403 5 62 5 4
1
8
97 109
12
12
1231
78 105 6 27 7 61 1 111 1 22 15 1 18 10 601 344 93
8 82 27 4 79 46
110
286 52
4 11 50 185 27 78 78 251
114
88 7 103
26
12 37 90 51 5 149 42 4 6 253 87 9 6 24 11 47 4
1
6 230
61 118 68
12
31
1
12
68
114 18 13
36
1755 17 1
12 12
12 183 25 32 8 65 4 62 5 56
38 47 15 7 193
91 455 543 6 33 362 56 5 64 5 62 5 56 190 5 1305
1043 14 7 425
12
12
68
12
12 32 18 7 1515 207 190 9 6 24 11 63 9
45 52 46 153
21
23 168 5 69 47 47 4 1 7 283 187
21 35 67 22 185 249
1467
12
36
26
1
55 1 7 363 8 6 141
44 30 23 178
12
31 12
96
44 1197 98
1
45 29 546 142 32 247
6 11
118
23 1425 16
330
6 122 5 62 5 56 194 68
455 543 213 213
12
6 653
96
96
200 10 174 200 10 174 799
12 507 138 1204
96
104 6 116 4 236 119 4 20 41 6 362 63 155 98 66 60 19
12 78 376 105 4 25 10 158 4 89
123 7 257 35 1 15 50 15 8 6 115 126 144 56 965 4 4
82 73 4 20
806
97 109
96
45 75
31
118
12
12
21
12
47 29 1002 10 584 22 15 87 321
674 43 1482
96
12 37 25 13 21 44 448
97 109
12
68
8 1230
434 235
88 40 51 5 126 132 6 241 135 5 60 6 24 34 5 149 22
96 21 19 71 147 5 126 144 132 1 1 81 45 17
21
68
68
146
97 109
12
622 12
12 6 33 6 116 4
118
167
97 109
16
20
31 12 82 186 50 4 31 512 5 78 4 71
96
21
12
31 12
118
26 21
12
167
8 27 15 9 194
96
97 109
21 49 714 12 714 64 90
41 19 62 5 56 194
21 125 180 1 17 7 1 91 88 51
97 109
26
12
36
21 12
16 86 43 52 22 7 617
12
12
12
81
110
4 499 9
8 44 59 466
12
19 53 675 195 393
167
21 183 116 4 9
114 105 1 43 206 50 20 5 15 8 59 485 23 40 920
26
1
38 80 521 22 279
21
58 216 58
167
61 118
21
131 127 135 5 16
68
6 332
68 74 82 73 4 81 66 113 8 1621 87 243 265 276 63
336 336
19 238 13 16
97 109
12
61 118
12 38 6 33 141 21
65 15 479 5 16
12 4 30 41 62 5 4
12
6
12
12 21 337 34 92 13 208 43 116 10 559 52 33
1
12
26
30 31 394 20
96
12
12
97 109
12
12
16 77 22 10 501 1111
21 418 167
12 38 151 55 6 1189 5 60 175 344
12
112 18 49 88 51
26 38 23 168
26 90 33 76 93
96
12 6 241
12
68
64 161 1
946 774 282 104
8 6 24 11
1
12 8 33 376 118
12
12
21 236 64 5 62 5 9 8 23 719 7 150 6 134 10 547 779
12
374
4 89
31
29 29 242 27 13 22 47 47 21 27 10 187 14 444
244 177 55 31 12
110
31
1
5 204 172
97 109
36
97 109
36
55 95 92 95 4 511 1 656
68
21 44 510
239 23 39 34 5 1 37
21 24 459 63 13
12 543 455
7 478 18 51 5 531 22 7 722
44 31
12
12 543
216 5 471 892
12
68
12 44 44 227 33 6 23 585 5 4 194 74
12 78 6 27 148 7 1359
21 23 384 12
12 104 55 67 284 76 14 7 128 41 6 241 6
336 336
12 88 40 51 5 36 45 51 5 43 132 1631 28 14 4 15 1
16
336 336
114
21 20 25 4 89 63 98
20 25 4 122
8 153
81 246 486 21 266
144
96 49 87 337 559 387
61 78 6 27 182 135 5 56
26 6 6 53 7 221
31
12 21
97 109
110
12
96
455 543 213
12
403 410
12
96
30 31
12
31
21 34 4 34 102 453 9 1108 28
336
97 109
266
123 7 1 1100 46 46
12
26
12
12 49 87 40 39 27 15 49 171 8 55 23 897 235 324 8 6
38 33 1
7 100 77 39 1 52 10 169 210 55 213 223 190
1
26
20
4 48 10 848
788
12
123 54 1397 22 13
69 597 1
96
44 1
91 93 91 93
54 1918 220 403
275 275
110
31
12
460 424
31
8
31
12
30 31
68 394 20 418
26
12
47 171 1136 507 375
146
114 1
26 44 510
167
12
12
4 94 4 62 5 56 194 68
6 41 186
141 9 226 193
21 317 7 103 14 13 18 18 7 1 1 12 37 67 13 67 84
16
12
146
97 109
167
7 291 12
4 11 6 11 131 6 115 43
12
12
21 29 383 54 177 132 1 5
32 18 153 944 175
244 313 620
142
12
26
12
4 62 5 16 33 76 155 98
31
68
4 11 6 326 82 27 4 161 428 1
4 11
18 10 1
12 94 29 27 1
329
622
244 177 255 158 493 28
97 109
31
12
6 115 27 17 1 314
12 21
112 29 58 17 7 723
12 183 4 33 179 15 478 92 41
12
167
12
12 26
55 4 92 45 51 74
1057 52 12
12
91 12 587
68 12
21
96
118
16 6 53 10 155 1 142
95 45 4 163
61 118
29 24 118
44 31
12
36 57 232 104 86 4 73 15 180 1
36
118
31
68
110
12
44 31
90 12 82 119 4 85 17 10 339 210
266
6 107 69 124 6 89 20 29 89 63 32 98
1231
55 47 77 10 187
12
55 47 4 48 5 243 1
12
12
12 46 1 4 16 23 40 51 5 65 4 11 124 8 8 27 5
12
167
12 32 18 7 1515 207 190 9 77 40 51 5 117 4 85
96
26 8 6 141 147 5 179 136 297
13 883
26
96 418
26
118
4 11
255 9 557 707 423
6 87 4 11 7 1 18 899 44 239 29 440 30 15 258
31
675 195
12 19 45 40 51 5 200 651 983 28 7 215
49 18 31
81 45 4 163
96
12 21 541 79 22 35
96
26
96
12
12
167 167
1373
8 33 80 7 887 8 54 1
12
12 12
61 118 6 179 16
21 6 1 874 65 83 204 13 64 29 87 44 44 44 20 29 107
12
21
12
12 44 227
55 47 29 25 537 29 67 135 5 60
12
97 109
31 12
12 16 65 15 27
26
46 32 18 16
16
12
96 144
26
29 137 11 9 8 37 129 181
118
44 44 773
91 49 94
167
23 199 56 46
97 109
12
12
36 6 53 10
96
30 31
21
68
110
110
610 4 12
529 359 5 640
12
20 152 150
216 5 471 892
12 10 1
12
16
12 12
476 789
131 127 135 5 49 67 51 222 92 377 1 84 4 58 85
30 31 12 21 21 61 123 7 257 35 22 7 100 29 87 9 156
336 336 20 760
12 4 250
231 27 145
110
12 37 18 51 5 27 10 116 1 9 218 4 11 29 4 242 25
12 82 43 144 17 104 1246
1
12
12
8 4 11
6 230
12
21 69 47 49 315 107 243 214 7 888
29 94
96
110
97 109
4 89
110
26
6 230 5 179 56
482 16
12
12
80 7 192
31
1 84 6 24 497 31 37 128 128 128 128 128 128 128 367 45 19
6 89 19 92 107 62 5 4
61 118
6 137 11
41 4 160
74 183 69 7 1 22 7 226 5 244 14 20 18 9 549 561 155
36
110
8 74
12
57 142 1200
36
172 22 196 55 81 773 19 45 197 14 538
12 32 18 7 1515 207 44 10 257 20 1 1 18 51 5 43 51
167 205
36 36 202 329
1230
128
36
36 6 24
90 40 468
36
21
16
12
12
20 63 598
33 286 22 8 129 10 559 46 64 636 14 60
12
12
97 109
18 49 1323 214 7 888 91 317 7 1 1
430 13
12 26
12 26 275
288 502 32 39 243 22 10 1 72 10 786
26
336 336 1 150
21 16 67 360 316 44 78 29 623 9 7 61 1 111 1 81 614
179 1
21
30 31 44
49 171 24 43 843
97 109
374
44 20 131 127 135 5 7 478 1613
12 64 6 87 18
81 45 4 163
96
146
12 8 6 134 56 302 5 15 23 1 5 59 117 4
173
6 24 11
275
114
96
216 5 471 892
12
12
6 24 11
97 109
57 1425 16 175
151
12
65 15 479 5 56
125 46
69 81 189 90 22 10 1
61 118
12
95
21
32 18 455
49 18 51 5 43
1 88
110
61 118
6 107 6 107 202 5 15 124 5 16 8 6 116 10 284 70 169
31
8 7 247 9 1 17 7 1
114
123 9 648 163 49 149 50 632 7 517 222 60 92 52 72 181
12
167
36 16
7 1740
23 31 12 31 38 23 1 10 1804 17 17 24 89 57 51 5 58
33 231 33 61 1464
30 31
12
12
55 47 29 1002 10 584 22 108 8 6 160 60
12
36 6 137 596 13 164
36 151
110
20 94 4 845
12
12
97 109
275 275
21 19 53 1102
26 110 20 45 4 163 18 1402 98 5 43 9 1
30 31
26
31
12
4 24 11
1
628
57 38 75 1 15 251
12
12 44 448 90 10 535 8 64 8 6 89 18 13 190
19 86 1 13 33 1306 8 173 1 7 215
1095
12
12 12
30 31
288 39 243 28
12 21 183 27 7 152 996 1216 4 101 15 28 14 7 100
12
21
12
379 39 27 145
66 52 46
36
8 508 16
12
12
26
6 69
1 360 17 32 98
12 64 10 1
12 21 4 11 44 84 47 4 48 5 243 1
389 58 212
47 19 1 44 7 967 6 41 73 4 20 19 27 13 52 8 69
123 35
12 8 6 11 123 7 255 315 49
44 114 4 498 50
216 5 471 892
20 67 9 1 129 10 79 46 6 1072 34 558 56 194
16
55
6 402 7 533
4 11
167
12
6 24 11 54 347
336 336 16 45 7 310 81 45 7 700 809 6 134 262 56
37 20 63 226
12
38 14 108 45 12
94 29 27 76 46
12
16
61 118
8 21 57 64 1 128 6 653 32 18 16
105 64 5 25 20 4 230
146
12
26
7 412 8 180 1980 221
12
26 26 36 266
31
96
12
12
96
96
394 7 458 9 353 15 9 71 40 1 88 28 35 88 719 159 85
12
19 86
336 336
21 129 10 93
6 87
6 34 10 257
13 13 141 173 342 37
21
275
26
21
12 23 168
12
389 23 40 920
36 77 31 8 23 51 5 34 5
1
336 336
61 194 80 10
118
96 96
96
16
12 63 7 152 368
12
12
12
12 394 32 138 37
55 44
96
1
312 15 882 33 76 93
20
58 212
37 45 4 51 5 1 8 87 792 75 67 9 4 11
7 152 1693 28
167
123 185 254 245
6 24 497
26
44 448
21 44 510
40 135 5 60
96
114
26
1974
12 37 119 15 5 15 175
12
6 241
7 1740
21
96
97 109
12 64 6 99 197 14 51 5 479 5 56
55 18 7 290
26
97 109
37 68 23 40 51 5 43 348 5 62 5 56
57 51 5 16
12
110
12
12 543
91 32 86 4
167
12
12 23 168 17 46
16
12
12 37 344 19 45 147 5 27 5 124 5 25 18 1412 927 10 339
6 1 5 162 7 354
45 45 76
12 21 17 152 526 24 252 60 258
167
55 44 227
26 12
12
36
20 94 154 122 232 1007 6 67 222 304 102 155 322 8 62 10 447
12
91 23 990 10 485 500
407
12
81 67 6 67 135 5 20 57 40 549 10 606 14 9 295
80 5 749 84 6 1 93 84 29 7 445 9 1 31
23 40
455 23 384
91 18 75 1
159
90 147 5 99 49 67 40 232 12 13 672 802 223 6 263 116 4
205
29 86 25 13 4 990 141 149 35
97 109 77 31
12
6 24 48 5
26 23 1098
12 101 226
96
1270
12
12
26
12
1230
96 81 66 4 8 66 79
68
288 342
16
30 31 55 4 48 5 25
165
275
12
672
12 8 4 41 609 435
29 33 94
1063
118
81 241 6 40 753 63
288 9 16
12 4 73 15 180 925
4 11
110
96
12 8 10 1015
12 21
1 10 120 409
21
167
96
95 25 4 89
12
38 95 94 49 99 19 1 19 122 5 559 30 7 104 605 168 17
216 5 471 892
88 546
32 18 10 16
58 212
8 1
12
12
26
1474 563 37 8 74 49 1250 15
12 81 67 7 1833 28 17 1
121 32 93 5 4 11 36 63 10 308 193 42 700
31
12
37 278 1928 1194 4 116 15 9 4 87 24 62 5 56 194
20 25
8 1230 90
12
288 502
12 31
21 4 82 128
6 33 53 46
12 455
12
426 4 1078
12
6 115 69 181 4 94 10 352 14 60
21 20 25 4 99
26
20 63 598
12
26
65 15 65 15 203 28 14 452 54 560
367 232 367
21 6 25 7 324 31
76 14 7 1641
20 418
12 19 30 41 158 23 144 45 12 20 29 29 178 18 224 35 133
96
1974
75 1 52 42 159 211
12
97 109
6 33 48 5 594 5 11 130 1 735 13
12
36
95
31
12
38 25 4 34 10 1541
12
12
68
12
12
4 11 9
82 1175
712 12 91 57 365
12
7 1 18 1931 7 1
6 53 17 1
792 792 4 53 809 44 1 55 4 87 13 141 9 247 86 90 698
12
96
12
125 1155 40 168 17
12
36 20 29 642 15 47 59 930 397 29 1 56 5 126 136 1217 38
12
16 18 104
68
8 58 112 19 27 130 235
147
118
4 11 81 5 25
44 95 6 230 4 30 160 14 10 92 64 10 745 279 30 31
223 1196
7 152 120 290 29 44 36 257
12 98 13 18 49 315 21 21
12
88 170 51 5 101 76 775 1185 25 4 69 10 120 296 5 25 110
25 13
12
32 18 455
54 1538 36
12
96
96
12 37 126 113 46
49 714 12
336 336
12
33 172 13 31 35 8 65 56 22 22 7 152 354
44 112 7 228 28
26 17 7 1
26
158 23 538
56 1717
4 11 20 6 33 6 116 4 12
96
20
918
65 15 149 22 9
26
1335
57 51 5 65 4 66 46 85 8
121 121
167
21 74 21 69
12
91 12
6 24 11 6 53 13
336
19 11 95 40 329 7 666 67 1 138 486
271
12 4 48 10 103 38
12
44 31 12
123 456 60
12 16
12 7 221 44 1
4 107 34 87 24 580 5 15
27 130 177 1047 8 82 66 28 8 4 11 112 49 488 85 17 180
21
146
12
96
12
12 23 168 12
26
97 109
473
8 556 143 1956
20 18 9
918
26
26
36 19 71 302 22 199 1 8 19 206
6 253 572 10 398
570
167 205
31
118
19 45 40 51 5 203 15 47 59 1851 1
12
40 5 169 70 71 111 123 51 22
75 67 17 895 6 122 5 62 5 59 207
12
55 241 6 68
96
36
20 45 4 163
6 11
167
190 29 27 85 17
12
118 68
61 4 11 95 45 19 48 5 25 9 6 67 10 768 1 1 1024
41 19 34 19 73 83 22
36
20
97 109
26
21
12
41 4
1
286 22
96
12
16
23 222 4
110
622
20 197
12
12 12 200 10 287 6 184 83 6 11 492 342 37
29 11 19 11
280 55
336 336
26 6 11 30 6 48 18 7 1572
12 45 4 51 5 25 124 31 37 1102
473
434 235
8 74 126 15 8 10 427
1654
26 55 351 57
167
67 648 35 6 470 51 5 145 358
12
200 10 174
16
96
97 109
20
12
96
26
12
110
9 129 201
4 11
206 70 10 443 14 520 19 115 224 27 60 22 7 693 8 274 64
570
12
16
71 51 5 101 56
31
96
12
12 112 67 7 744
12
17 7 723 8 20 20 18 9 4 387 507 10 472
167
12
110
21 27 60 5 99 42 4
1978
36 36 57
12 16
32 18 455 288 32
36
980 13 52 8 19 33 1064 10 296 317 56 125 1208 180 1 8 274
6 341 4 232 213
118
121
167
26
12 38 65 15 65 15 184 4
36 75 18
57 33 64 78 6 67 147 5 126 1086 50 136
16 125 22 56 100 52 8 79
118
118
26
36 513
12 128 165 202 82 27 4 79 46 185 22 7 150
26
118
881 7 476 14 7 987 831
426 4
